timestamp,player_price,opponent_price,tags,volatility_score,max_single_move,direction_flips,range_points,crossings_25,crossings_50,crossings_75,first_cross_50_pct
2025-07-16T14:19:00+00:00,24.0,77.0,2_sets|crossed_10|crossed_20|downtrend_finish|ending_bucket_00_09|ending_price_0001|first_set_loser|heavy_underdog|large_single_move|loser|medium_range|medium_volatility|moderate_reversals|multi_crossed_10|multi_crossed_20|never_crossed_50|no_tiebreaker|opponent_denis_shapovalov|oscillating_shape|player_govind_nanda|resolved_near_0|second_set_loser|set_1_no_tiebreaker|set_2_no_tiebreaker|small_range|starting_bucket_20_29|starting_price_0024|straight_sets|third_set_unknown,1.1736,18.31,10,23.0,0,0,0,
2025-07-16T15:28:00+00:00,24.0,78.0,2_sets|crossed_10|crossed_20|downtrend_finish|ending_bucket_00_09|ending_price_0001|first_set_loser|heavy_underdog|large_single_move|loser|medium_range|medium_volatility|moderate_reversals|multi_crossed_10|multi_crossed_20|never_crossed_50|no_tiebreaker|opponent_denis_shapovalov|oscillating_shape|player_govind_nanda|resolved_near_0|second_set_loser|set_1_no_tiebreaker|set_2_no_tiebreaker|small_range|starting_bucket_20_29|starting_price_0024|straight_sets|third_set_unknown,1.1736,18.31,10,23.0,0,0,0,
2025-07-16T15:32:00+00:00,23.31,78.0,2_sets|crossed_10|crossed_20|downtrend_finish|ending_bucket_00_09|ending_price_0001|first_set_loser|heavy_underdog|large_single_move|loser|medium_range|medium_volatility|moderate_reversals|multi_crossed_10|multi_crossed_20|never_crossed_50|no_tiebreaker|opponent_denis_shapovalov|oscillating_shape|player_govind_nanda|resolved_near_0|second_set_loser|set_1_no_tiebreaker|set_2_no_tiebreaker|small_range|starting_bucket_20_29|starting_price_0024|straight_sets|third_set_unknown,1.1736,18.31,10,23.0,0,0,0,
2025-07-16T16:06:00+00:00,23.31,81.0,2_sets|crossed_10|crossed_20|downtrend_finish|ending_bucket_00_09|ending_price_0001|first_set_loser|heavy_underdog|large_single_move|loser|medium_range|medium_volatility|moderate_reversals|multi_crossed_10|multi_crossed_20|never_crossed_50|no_tiebreaker|opponent_denis_shapovalov|oscillating_shape|player_govind_nanda|resolved_near_0|second_set_loser|set_1_no_tiebreaker|set_2_no_tiebreaker|small_range|starting_bucket_20_29|starting_price_0024|straight_sets|third_set_unknown,1.1736,18.31,10,23.0,0,0,0,
2025-07-16T17:09:00+00:00,5.0,81.0,2_sets|crossed_10|crossed_20|downtrend_finish|ending_bucket_00_09|ending_price_0001|first_set_loser|heavy_underdog|large_single_move|loser|medium_range|medium_volatility|moderate_reversals|multi_crossed_10|multi_crossed_20|never_crossed_50|no_tiebreaker|opponent_denis_shapovalov|oscillating_shape|player_govind_nanda|resolved_near_0|second_set_loser|set_1_no_tiebreaker|set_2_no_tiebreaker|small_range|starting_bucket_20_29|starting_price_0024|straight_sets|third_set_unknown,1.1736,18.31,10,23.0,0,0,0,
2025-07-16T17:14:00+00:00,22.0,81.0,2_sets|crossed_10|crossed_20|downtrend_finish|ending_bucket_00_09|ending_price_0001|first_set_loser|heavy_underdog|large_single_move|loser|medium_range|medium_volatility|moderate_reversals|multi_crossed_10|multi_crossed_20|never_crossed_50|no_tiebreaker|opponent_denis_shapovalov|oscillating_shape|player_govind_nanda|resolved_near_0|second_set_loser|set_1_no_tiebreaker|set_2_no_tiebreaker|small_range|starting_bucket_20_29|starting_price_0024|straight_sets|third_set_unknown,1.1736,18.31,10,23.0,0,0,0,
2025-07-16T17:17:00+00:00,22.0,80.0,2_sets|crossed_10|crossed_20|downtrend_finish|ending_bucket_00_09|ending_price_0001|first_set_loser|heavy_underdog|large_single_move|loser|medium_range|medium_volatility|moderate_reversals|multi_crossed_10|multi_crossed_20|never_crossed_50|no_tiebreaker|opponent_denis_shapovalov|oscillating_shape|player_govind_nanda|resolved_near_0|second_set_loser|set_1_no_tiebreaker|set_2_no_tiebreaker|small_range|starting_bucket_20_29|starting_price_0024|straight_sets|third_set_unknown,1.1736,18.31,10,23.0,0,0,0,
2025-07-16T17:48:00+00:00,22.0,80.0,2_sets|crossed_10|crossed_20|downtrend_finish|ending_bucket_00_09|ending_price_0001|first_set_loser|heavy_underdog|large_single_move|loser|medium_range|medium_volatility|moderate_reversals|multi_crossed_10|multi_crossed_20|never_crossed_50|no_tiebreaker|opponent_denis_shapovalov|oscillating_shape|player_govind_nanda|resolved_near_0|second_set_loser|set_1_no_tiebreaker|set_2_no_tiebreaker|small_range|starting_bucket_20_29|starting_price_0024|straight_sets|third_set_unknown,1.1736,18.31,10,23.0,0,0,0,
2025-07-16T18:05:00+00:00,22.0,80.0,2_sets|crossed_10|crossed_20|downtrend_finish|ending_bucket_00_09|ending_price_0001|first_set_loser|heavy_underdog|large_single_move|loser|medium_range|medium_volatility|moderate_reversals|multi_crossed_10|multi_crossed_20|never_crossed_50|no_tiebreaker|opponent_denis_shapovalov|oscillating_shape|player_govind_nanda|resolved_near_0|second_set_loser|set_1_no_tiebreaker|set_2_no_tiebreaker|small_range|starting_bucket_20_29|starting_price_0024|straight_sets|third_set_unknown,1.1736,18.31,10,23.0,0,0,0,
2025-07-16T18:18:00+00:00,22.0,80.0,2_sets|crossed_10|crossed_20|downtrend_finish|ending_bucket_00_09|ending_price_0001|first_set_loser|heavy_underdog|large_single_move|loser|medium_range|medium_volatility|moderate_reversals|multi_crossed_10|multi_crossed_20|never_crossed_50|no_tiebreaker|opponent_denis_shapovalov|oscillating_shape|player_govind_nanda|resolved_near_0|second_set_loser|set_1_no_tiebreaker|set_2_no_tiebreaker|small_range|starting_bucket_20_29|starting_price_0024|straight_sets|third_set_unknown,1.1736,18.31,10,23.0,0,0,0,
2025-07-16T18:53:00+00:00,22.0,80.0,2_sets|crossed_10|crossed_20|downtrend_finish|ending_bucket_00_09|ending_price_0001|first_set_loser|heavy_underdog|large_single_move|loser|medium_range|medium_volatility|moderate_reversals|multi_crossed_10|multi_crossed_20|never_crossed_50|no_tiebreaker|opponent_denis_shapovalov|oscillating_shape|player_govind_nanda|resolved_near_0|second_set_loser|set_1_no_tiebreaker|set_2_no_tiebreaker|small_range|starting_bucket_20_29|starting_price_0024|straight_sets|third_set_unknown,1.1736,18.31,10,23.0,0,0,0,
2025-07-16T19:35:00+00:00,22.0,80.0,2_sets|crossed_10|crossed_20|downtrend_finish|ending_bucket_00_09|ending_price_0001|first_set_loser|heavy_underdog|large_single_move|loser|medium_range|medium_volatility|moderate_reversals|multi_crossed_10|multi_crossed_20|never_crossed_50|no_tiebreaker|opponent_denis_shapovalov|oscillating_shape|player_govind_nanda|resolved_near_0|second_set_loser|set_1_no_tiebreaker|set_2_no_tiebreaker|small_range|starting_bucket_20_29|starting_price_0024|straight_sets|third_set_unknown,1.1736,18.31,10,23.0,0,0,0,
2025-07-16T19:44:00+00:00,22.0,80.0,2_sets|crossed_10|crossed_20|downtrend_finish|ending_bucket_00_09|ending_price_0001|first_set_loser|heavy_underdog|large_single_move|loser|medium_range|medium_volatility|moderate_reversals|multi_crossed_10|multi_crossed_20|never_crossed_50|no_tiebreaker|opponent_denis_shapovalov|oscillating_shape|player_govind_nanda|resolved_near_0|second_set_loser|set_1_no_tiebreaker|set_2_no_tiebreaker|small_range|starting_bucket_20_29|starting_price_0024|straight_sets|third_set_unknown,1.1736,18.31,10,23.0,0,0,0,
2025-07-16T19:53:00+00:00,22.0,80.0,2_sets|crossed_10|crossed_20|downtrend_finish|ending_bucket_00_09|ending_price_0001|first_set_loser|heavy_underdog|large_single_move|loser|medium_range|medium_volatility|moderate_reversals|multi_crossed_10|multi_crossed_20|never_crossed_50|no_tiebreaker|opponent_denis_shapovalov|oscillating_shape|player_govind_nanda|resolved_near_0|second_set_loser|set_1_no_tiebreaker|set_2_no_tiebreaker|small_range|starting_bucket_20_29|starting_price_0024|straight_sets|third_set_unknown,1.1736,18.31,10,23.0,0,0,0,
2025-07-16T20:04:00+00:00,22.0,80.0,2_sets|crossed_10|crossed_20|downtrend_finish|ending_bucket_00_09|ending_price_0001|first_set_loser|heavy_underdog|large_single_move|loser|medium_range|medium_volatility|moderate_reversals|multi_crossed_10|multi_crossed_20|never_crossed_50|no_tiebreaker|opponent_denis_shapovalov|oscillating_shape|player_govind_nanda|resolved_near_0|second_set_loser|set_1_no_tiebreaker|set_2_no_tiebreaker|small_range|starting_bucket_20_29|starting_price_0024|straight_sets|third_set_unknown,1.1736,18.31,10,23.0,0,0,0,
2025-07-16T20:43:00+00:00,22.0,80.0,2_sets|crossed_10|crossed_20|downtrend_finish|ending_bucket_00_09|ending_price_0001|first_set_loser|heavy_underdog|large_single_move|loser|medium_range|medium_volatility|moderate_reversals|multi_crossed_10|multi_crossed_20|never_crossed_50|no_tiebreaker|opponent_denis_shapovalov|oscillating_shape|player_govind_nanda|resolved_near_0|second_set_loser|set_1_no_tiebreaker|set_2_no_tiebreaker|small_range|starting_bucket_20_29|starting_price_0024|straight_sets|third_set_unknown,1.1736,18.31,10,23.0,0,0,0,
2025-07-16T21:01:00+00:00,22.0,80.0,2_sets|crossed_10|crossed_20|downtrend_finish|ending_bucket_00_09|ending_price_0001|first_set_loser|heavy_underdog|large_single_move|loser|medium_range|medium_volatility|moderate_reversals|multi_crossed_10|multi_crossed_20|never_crossed_50|no_tiebreaker|opponent_denis_shapovalov|oscillating_shape|player_govind_nanda|resolved_near_0|second_set_loser|set_1_no_tiebreaker|set_2_no_tiebreaker|small_range|starting_bucket_20_29|starting_price_0024|straight_sets|third_set_unknown,1.1736,18.31,10,23.0,0,0,0,
2025-07-16T21:03:00+00:00,22.0,80.0,2_sets|crossed_10|crossed_20|downtrend_finish|ending_bucket_00_09|ending_price_0001|first_set_loser|heavy_underdog|large_single_move|loser|medium_range|medium_volatility|moderate_reversals|multi_crossed_10|multi_crossed_20|never_crossed_50|no_tiebreaker|opponent_denis_shapovalov|oscillating_shape|player_govind_nanda|resolved_near_0|second_set_loser|set_1_no_tiebreaker|set_2_no_tiebreaker|small_range|starting_bucket_20_29|starting_price_0024|straight_sets|third_set_unknown,1.1736,18.31,10,23.0,0,0,0,
2025-07-16T21:05:00+00:00,22.0,80.0,2_sets|crossed_10|crossed_20|downtrend_finish|ending_bucket_00_09|ending_price_0001|first_set_loser|heavy_underdog|large_single_move|loser|medium_range|medium_volatility|moderate_reversals|multi_crossed_10|multi_crossed_20|never_crossed_50|no_tiebreaker|opponent_denis_shapovalov|oscillating_shape|player_govind_nanda|resolved_near_0|second_set_loser|set_1_no_tiebreaker|set_2_no_tiebreaker|small_range|starting_bucket_20_29|starting_price_0024|straight_sets|third_set_unknown,1.1736,18.31,10,23.0,0,0,0,
2025-07-16T21:35:00+00:00,22.0,80.0,2_sets|crossed_10|crossed_20|downtrend_finish|ending_bucket_00_09|ending_price_0001|first_set_loser|heavy_underdog|large_single_move|loser|medium_range|medium_volatility|moderate_reversals|multi_crossed_10|multi_crossed_20|never_crossed_50|no_tiebreaker|opponent_denis_shapovalov|oscillating_shape|player_govind_nanda|resolved_near_0|second_set_loser|set_1_no_tiebreaker|set_2_no_tiebreaker|small_range|starting_bucket_20_29|starting_price_0024|straight_sets|third_set_unknown,1.1736,18.31,10,23.0,0,0,0,
2025-07-16T21:37:00+00:00,22.0,80.0,2_sets|crossed_10|crossed_20|downtrend_finish|ending_bucket_00_09|ending_price_0001|first_set_loser|heavy_underdog|large_single_move|loser|medium_range|medium_volatility|moderate_reversals|multi_crossed_10|multi_crossed_20|never_crossed_50|no_tiebreaker|opponent_denis_shapovalov|oscillating_shape|player_govind_nanda|resolved_near_0|second_set_loser|set_1_no_tiebreaker|set_2_no_tiebreaker|small_range|starting_bucket_20_29|starting_price_0024|straight_sets|third_set_unknown,1.1736,18.31,10,23.0,0,0,0,
2025-07-16T21:39:00+00:00,22.0,81.0,2_sets|crossed_10|crossed_20|downtrend_finish|ending_bucket_00_09|ending_price_0001|first_set_loser|heavy_underdog|large_single_move|loser|medium_range|medium_volatility|moderate_reversals|multi_crossed_10|multi_crossed_20|never_crossed_50|no_tiebreaker|opponent_denis_shapovalov|oscillating_shape|player_govind_nanda|resolved_near_0|second_set_loser|set_1_no_tiebreaker|set_2_no_tiebreaker|small_range|starting_bucket_20_29|starting_price_0024|straight_sets|third_set_unknown,1.1736,18.31,10,23.0,0,0,0,
2025-07-16T21:51:00+00:00,22.0,80.0,2_sets|crossed_10|crossed_20|downtrend_finish|ending_bucket_00_09|ending_price_0001|first_set_loser|heavy_underdog|large_single_move|loser|medium_range|medium_volatility|moderate_reversals|multi_crossed_10|multi_crossed_20|never_crossed_50|no_tiebreaker|opponent_denis_shapovalov|oscillating_shape|player_govind_nanda|resolved_near_0|second_set_loser|set_1_no_tiebreaker|set_2_no_tiebreaker|small_range|starting_bucket_20_29|starting_price_0024|straight_sets|third_set_unknown,1.1736,18.31,10,23.0,0,0,0,
2025-07-16T21:53:00+00:00,22.0,80.0,2_sets|crossed_10|crossed_20|downtrend_finish|ending_bucket_00_09|ending_price_0001|first_set_loser|heavy_underdog|large_single_move|loser|medium_range|medium_volatility|moderate_reversals|multi_crossed_10|multi_crossed_20|never_crossed_50|no_tiebreaker|opponent_denis_shapovalov|oscillating_shape|player_govind_nanda|resolved_near_0|second_set_loser|set_1_no_tiebreaker|set_2_no_tiebreaker|small_range|starting_bucket_20_29|starting_price_0024|straight_sets|third_set_unknown,1.1736,18.31,10,23.0,0,0,0,
2025-07-16T21:58:00+00:00,22.0,81.0,2_sets|crossed_10|crossed_20|downtrend_finish|ending_bucket_00_09|ending_price_0001|first_set_loser|heavy_underdog|large_single_move|loser|medium_range|medium_volatility|moderate_reversals|multi_crossed_10|multi_crossed_20|never_crossed_50|no_tiebreaker|opponent_denis_shapovalov|oscillating_shape|player_govind_nanda|resolved_near_0|second_set_loser|set_1_no_tiebreaker|set_2_no_tiebreaker|small_range|starting_bucket_20_29|starting_price_0024|straight_sets|third_set_unknown,1.1736,18.31,10,23.0,0,0,0,
2025-07-16T22:20:00+00:00,21.0,81.0,2_sets|crossed_10|crossed_20|downtrend_finish|ending_bucket_00_09|ending_price_0001|first_set_loser|heavy_underdog|large_single_move|loser|medium_range|medium_volatility|moderate_reversals|multi_crossed_10|multi_crossed_20|never_crossed_50|no_tiebreaker|opponent_denis_shapovalov|oscillating_shape|player_govind_nanda|resolved_near_0|second_set_loser|set_1_no_tiebreaker|set_2_no_tiebreaker|small_range|starting_bucket_20_29|starting_price_0024|straight_sets|third_set_unknown,1.1736,18.31,10,23.0,0,0,0,
2025-07-16T22:30:00+00:00,21.0,81.0,2_sets|crossed_10|crossed_20|downtrend_finish|ending_bucket_00_09|ending_price_0001|first_set_loser|heavy_underdog|large_single_move|loser|medium_range|medium_volatility|moderate_reversals|multi_crossed_10|multi_crossed_20|never_crossed_50|no_tiebreaker|opponent_denis_shapovalov|oscillating_shape|player_govind_nanda|resolved_near_0|second_set_loser|set_1_no_tiebreaker|set_2_no_tiebreaker|small_range|starting_bucket_20_29|starting_price_0024|straight_sets|third_set_unknown,1.1736,18.31,10,23.0,0,0,0,
2025-07-16T22:46:00+00:00,21.0,81.0,2_sets|crossed_10|crossed_20|downtrend_finish|ending_bucket_00_09|ending_price_0001|first_set_loser|heavy_underdog|large_single_move|loser|medium_range|medium_volatility|moderate_reversals|multi_crossed_10|multi_crossed_20|never_crossed_50|no_tiebreaker|opponent_denis_shapovalov|oscillating_shape|player_govind_nanda|resolved_near_0|second_set_loser|set_1_no_tiebreaker|set_2_no_tiebreaker|small_range|starting_bucket_20_29|starting_price_0024|straight_sets|third_set_unknown,1.1736,18.31,10,23.0,0,0,0,
2025-07-16T23:29:00+00:00,21.0,81.0,2_sets|crossed_10|crossed_20|downtrend_finish|ending_bucket_00_09|ending_price_0001|first_set_loser|heavy_underdog|large_single_move|loser|medium_range|medium_volatility|moderate_reversals|multi_crossed_10|multi_crossed_20|never_crossed_50|no_tiebreaker|opponent_denis_shapovalov|oscillating_shape|player_govind_nanda|resolved_near_0|second_set_loser|set_1_no_tiebreaker|set_2_no_tiebreaker|small_range|starting_bucket_20_29|starting_price_0024|straight_sets|third_set_unknown,1.1736,18.31,10,23.0,0,0,0,
2025-07-16T23:39:00+00:00,21.0,81.0,2_sets|crossed_10|crossed_20|downtrend_finish|ending_bucket_00_09|ending_price_0001|first_set_loser|heavy_underdog|large_single_move|loser|medium_range|medium_volatility|moderate_reversals|multi_crossed_10|multi_crossed_20|never_crossed_50|no_tiebreaker|opponent_denis_shapovalov|oscillating_shape|player_govind_nanda|resolved_near_0|second_set_loser|set_1_no_tiebreaker|set_2_no_tiebreaker|small_range|starting_bucket_20_29|starting_price_0024|straight_sets|third_set_unknown,1.1736,18.31,10,23.0,0,0,0,
2025-07-16T23:42:00+00:00,21.0,81.0,2_sets|crossed_10|crossed_20|downtrend_finish|ending_bucket_00_09|ending_price_0001|first_set_loser|heavy_underdog|large_single_move|loser|medium_range|medium_volatility|moderate_reversals|multi_crossed_10|multi_crossed_20|never_crossed_50|no_tiebreaker|opponent_denis_shapovalov|oscillating_shape|player_govind_nanda|resolved_near_0|second_set_loser|set_1_no_tiebreaker|set_2_no_tiebreaker|small_range|starting_bucket_20_29|starting_price_0024|straight_sets|third_set_unknown,1.1736,18.31,10,23.0,0,0,0,
2025-07-16T23:55:00+00:00,21.0,80.0,2_sets|crossed_10|crossed_20|downtrend_finish|ending_bucket_00_09|ending_price_0001|first_set_loser|heavy_underdog|large_single_move|loser|medium_range|medium_volatility|moderate_reversals|multi_crossed_10|multi_crossed_20|never_crossed_50|no_tiebreaker|opponent_denis_shapovalov|oscillating_shape|player_govind_nanda|resolved_near_0|second_set_loser|set_1_no_tiebreaker|set_2_no_tiebreaker|small_range|starting_bucket_20_29|starting_price_0024|straight_sets|third_set_unknown,1.1736,18.31,10,23.0,0,0,0,
2025-07-17T00:14:00+00:00,21.0,80.0,2_sets|crossed_10|crossed_20|downtrend_finish|ending_bucket_00_09|ending_price_0001|first_set_loser|heavy_underdog|large_single_move|loser|medium_range|medium_volatility|moderate_reversals|multi_crossed_10|multi_crossed_20|never_crossed_50|no_tiebreaker|opponent_denis_shapovalov|oscillating_shape|player_govind_nanda|resolved_near_0|second_set_loser|set_1_no_tiebreaker|set_2_no_tiebreaker|small_range|starting_bucket_20_29|starting_price_0024|straight_sets|third_set_unknown,1.1736,18.31,10,23.0,0,0,0,
2025-07-17T00:26:00+00:00,21.0,80.0,2_sets|crossed_10|crossed_20|downtrend_finish|ending_bucket_00_09|ending_price_0001|first_set_loser|heavy_underdog|large_single_move|loser|medium_range|medium_volatility|moderate_reversals|multi_crossed_10|multi_crossed_20|never_crossed_50|no_tiebreaker|opponent_denis_shapovalov|oscillating_shape|player_govind_nanda|resolved_near_0|second_set_loser|set_1_no_tiebreaker|set_2_no_tiebreaker|small_range|starting_bucket_20_29|starting_price_0024|straight_sets|third_set_unknown,1.1736,18.31,10,23.0,0,0,0,
2025-07-17T00:34:00+00:00,21.0,80.0,2_sets|crossed_10|crossed_20|downtrend_finish|ending_bucket_00_09|ending_price_0001|first_set_loser|heavy_underdog|large_single_move|loser|medium_range|medium_volatility|moderate_reversals|multi_crossed_10|multi_crossed_20|never_crossed_50|no_tiebreaker|opponent_denis_shapovalov|oscillating_shape|player_govind_nanda|resolved_near_0|second_set_loser|set_1_no_tiebreaker|set_2_no_tiebreaker|small_range|starting_bucket_20_29|starting_price_0024|straight_sets|third_set_unknown,1.1736,18.31,10,23.0,0,0,0,
2025-07-17T00:49:00+00:00,21.0,80.0,2_sets|crossed_10|crossed_20|downtrend_finish|ending_bucket_00_09|ending_price_0001|first_set_loser|heavy_underdog|large_single_move|loser|medium_range|medium_volatility|moderate_reversals|multi_crossed_10|multi_crossed_20|never_crossed_50|no_tiebreaker|opponent_denis_shapovalov|oscillating_shape|player_govind_nanda|resolved_near_0|second_set_loser|set_1_no_tiebreaker|set_2_no_tiebreaker|small_range|starting_bucket_20_29|starting_price_0024|straight_sets|third_set_unknown,1.1736,18.31,10,23.0,0,0,0,
2025-07-17T00:52:00+00:00,21.0,80.0,2_sets|crossed_10|crossed_20|downtrend_finish|ending_bucket_00_09|ending_price_0001|first_set_loser|heavy_underdog|large_single_move|loser|medium_range|medium_volatility|moderate_reversals|multi_crossed_10|multi_crossed_20|never_crossed_50|no_tiebreaker|opponent_denis_shapovalov|oscillating_shape|player_govind_nanda|resolved_near_0|second_set_loser|set_1_no_tiebreaker|set_2_no_tiebreaker|small_range|starting_bucket_20_29|starting_price_0024|straight_sets|third_set_unknown,1.1736,18.31,10,23.0,0,0,0,
2025-07-17T01:00:00+00:00,21.0,80.0,2_sets|crossed_10|crossed_20|downtrend_finish|ending_bucket_00_09|ending_price_0001|first_set_loser|heavy_underdog|large_single_move|loser|medium_range|medium_volatility|moderate_reversals|multi_crossed_10|multi_crossed_20|never_crossed_50|no_tiebreaker|opponent_denis_shapovalov|oscillating_shape|player_govind_nanda|resolved_near_0|second_set_loser|set_1_no_tiebreaker|set_2_no_tiebreaker|small_range|starting_bucket_20_29|starting_price_0024|straight_sets|third_set_unknown,1.1736,18.31,10,23.0,0,0,0,
2025-07-17T01:01:00+00:00,21.5,80.0,2_sets|crossed_10|crossed_20|downtrend_finish|ending_bucket_00_09|ending_price_0001|first_set_loser|heavy_underdog|large_single_move|loser|medium_range|medium_volatility|moderate_reversals|multi_crossed_10|multi_crossed_20|never_crossed_50|no_tiebreaker|opponent_denis_shapovalov|oscillating_shape|player_govind_nanda|resolved_near_0|second_set_loser|set_1_no_tiebreaker|set_2_no_tiebreaker|small_range|starting_bucket_20_29|starting_price_0024|straight_sets|third_set_unknown,1.1736,18.31,10,23.0,0,0,0,
2025-07-17T01:06:00+00:00,21.0,80.0,2_sets|crossed_10|crossed_20|downtrend_finish|ending_bucket_00_09|ending_price_0001|first_set_loser|heavy_underdog|large_single_move|loser|medium_range|medium_volatility|moderate_reversals|multi_crossed_10|multi_crossed_20|never_crossed_50|no_tiebreaker|opponent_denis_shapovalov|oscillating_shape|player_govind_nanda|resolved_near_0|second_set_loser|set_1_no_tiebreaker|set_2_no_tiebreaker|small_range|starting_bucket_20_29|starting_price_0024|straight_sets|third_set_unknown,1.1736,18.31,10,23.0,0,0,0,
2025-07-17T01:10:00+00:00,21.0,80.0,2_sets|crossed_10|crossed_20|downtrend_finish|ending_bucket_00_09|ending_price_0001|first_set_loser|heavy_underdog|large_single_move|loser|medium_range|medium_volatility|moderate_reversals|multi_crossed_10|multi_crossed_20|never_crossed_50|no_tiebreaker|opponent_denis_shapovalov|oscillating_shape|player_govind_nanda|resolved_near_0|second_set_loser|set_1_no_tiebreaker|set_2_no_tiebreaker|small_range|starting_bucket_20_29|starting_price_0024|straight_sets|third_set_unknown,1.1736,18.31,10,23.0,0,0,0,
2025-07-17T01:11:00+00:00,19.09,81.0,2_sets|crossed_10|crossed_20|downtrend_finish|ending_bucket_00_09|ending_price_0001|first_set_loser|heavy_underdog|large_single_move|loser|medium_range|medium_volatility|moderate_reversals|multi_crossed_10|multi_crossed_20|never_crossed_50|no_tiebreaker|opponent_denis_shapovalov|oscillating_shape|player_govind_nanda|resolved_near_0|second_set_loser|set_1_no_tiebreaker|set_2_no_tiebreaker|small_range|starting_bucket_20_29|starting_price_0024|straight_sets|third_set_unknown,1.1736,18.31,10,23.0,0,0,0,
2025-07-17T01:12:00+00:00,19.09,83.0,2_sets|crossed_10|crossed_20|downtrend_finish|ending_bucket_00_09|ending_price_0001|first_set_loser|heavy_underdog|large_single_move|loser|medium_range|medium_volatility|moderate_reversals|multi_crossed_10|multi_crossed_20|never_crossed_50|no_tiebreaker|opponent_denis_shapovalov|oscillating_shape|player_govind_nanda|resolved_near_0|second_set_loser|set_1_no_tiebreaker|set_2_no_tiebreaker|small_range|starting_bucket_20_29|starting_price_0024|straight_sets|third_set_unknown,1.1736,18.31,10,23.0,0,0,0,
2025-07-17T01:13:00+00:00,21.2,83.0,2_sets|crossed_10|crossed_20|downtrend_finish|ending_bucket_00_09|ending_price_0001|first_set_loser|heavy_underdog|large_single_move|loser|medium_range|medium_volatility|moderate_reversals|multi_crossed_10|multi_crossed_20|never_crossed_50|no_tiebreaker|opponent_denis_shapovalov|oscillating_shape|player_govind_nanda|resolved_near_0|second_set_loser|set_1_no_tiebreaker|set_2_no_tiebreaker|small_range|starting_bucket_20_29|starting_price_0024|straight_sets|third_set_unknown,1.1736,18.31,10,23.0,0,0,0,
2025-07-17T01:14:00+00:00,18.57,87.91,2_sets|crossed_10|crossed_20|downtrend_finish|ending_bucket_00_09|ending_price_0001|first_set_loser|heavy_underdog|large_single_move|loser|medium_range|medium_volatility|moderate_reversals|multi_crossed_10|multi_crossed_20|never_crossed_50|no_tiebreaker|opponent_denis_shapovalov|oscillating_shape|player_govind_nanda|resolved_near_0|second_set_loser|set_1_no_tiebreaker|set_2_no_tiebreaker|small_range|starting_bucket_20_29|starting_price_0024|straight_sets|third_set_unknown,1.1736,18.31,10,23.0,0,0,0,
2025-07-17T01:15:00+00:00,18.57,88.0,2_sets|crossed_10|crossed_20|downtrend_finish|ending_bucket_00_09|ending_price_0001|first_set_loser|heavy_underdog|large_single_move|loser|medium_range|medium_volatility|moderate_reversals|multi_crossed_10|multi_crossed_20|never_crossed_50|no_tiebreaker|opponent_denis_shapovalov|oscillating_shape|player_govind_nanda|resolved_near_0|second_set_loser|set_1_no_tiebreaker|set_2_no_tiebreaker|small_range|starting_bucket_20_29|starting_price_0024|straight_sets|third_set_unknown,1.1736,18.31,10,23.0,0,0,0,
2025-07-17T01:16:00+00:00,18.57,92.98,2_sets|crossed_10|crossed_20|downtrend_finish|ending_bucket_00_09|ending_price_0001|first_set_loser|heavy_underdog|large_single_move|loser|medium_range|medium_volatility|moderate_reversals|multi_crossed_10|multi_crossed_20|never_crossed_50|no_tiebreaker|opponent_denis_shapovalov|oscillating_shape|player_govind_nanda|resolved_near_0|second_set_loser|set_1_no_tiebreaker|set_2_no_tiebreaker|small_range|starting_bucket_20_29|starting_price_0024|straight_sets|third_set_unknown,1.1736,18.31,10,23.0,0,0,0,
2025-07-17T01:18:00+00:00,18.57,92.0,2_sets|crossed_10|crossed_20|downtrend_finish|ending_bucket_00_09|ending_price_0001|first_set_loser|heavy_underdog|large_single_move|loser|medium_range|medium_volatility|moderate_reversals|multi_crossed_10|multi_crossed_20|never_crossed_50|no_tiebreaker|opponent_denis_shapovalov|oscillating_shape|player_govind_nanda|resolved_near_0|second_set_loser|set_1_no_tiebreaker|set_2_no_tiebreaker|small_range|starting_bucket_20_29|starting_price_0024|straight_sets|third_set_unknown,1.1736,18.31,10,23.0,0,0,0,
2025-07-17T01:23:00+00:00,9.0,92.0,2_sets|crossed_10|crossed_20|downtrend_finish|ending_bucket_00_09|ending_price_0001|first_set_loser|heavy_underdog|large_single_move|loser|medium_range|medium_volatility|moderate_reversals|multi_crossed_10|multi_crossed_20|never_crossed_50|no_tiebreaker|opponent_denis_shapovalov|oscillating_shape|player_govind_nanda|resolved_near_0|second_set_loser|set_1_no_tiebreaker|set_2_no_tiebreaker|small_range|starting_bucket_20_29|starting_price_0024|straight_sets|third_set_unknown,1.1736,18.31,10,23.0,0,0,0,
2025-07-17T01:24:00+00:00,9.0,94.0,2_sets|crossed_10|crossed_20|downtrend_finish|ending_bucket_00_09|ending_price_0001|first_set_loser|heavy_underdog|large_single_move|loser|medium_range|medium_volatility|moderate_reversals|multi_crossed_10|multi_crossed_20|never_crossed_50|no_tiebreaker|opponent_denis_shapovalov|oscillating_shape|player_govind_nanda|resolved_near_0|second_set_loser|set_1_no_tiebreaker|set_2_no_tiebreaker|small_range|starting_bucket_20_29|starting_price_0024|straight_sets|third_set_unknown,1.1736,18.31,10,23.0,0,0,0,
2025-07-17T01:25:00+00:00,14.0,93.0,2_sets|crossed_10|crossed_20|downtrend_finish|ending_bucket_00_09|ending_price_0001|first_set_loser|heavy_underdog|large_single_move|loser|medium_range|medium_volatility|moderate_reversals|multi_crossed_10|multi_crossed_20|never_crossed_50|no_tiebreaker|opponent_denis_shapovalov|oscillating_shape|player_govind_nanda|resolved_near_0|second_set_loser|set_1_no_tiebreaker|set_2_no_tiebreaker|small_range|starting_bucket_20_29|starting_price_0024|straight_sets|third_set_unknown,1.1736,18.31,10,23.0,0,0,0,
2025-07-17T01:27:00+00:00,12.0,87.39,2_sets|crossed_10|crossed_20|downtrend_finish|ending_bucket_00_09|ending_price_0001|first_set_loser|heavy_underdog|large_single_move|loser|medium_range|medium_volatility|moderate_reversals|multi_crossed_10|multi_crossed_20|never_crossed_50|no_tiebreaker|opponent_denis_shapovalov|oscillating_shape|player_govind_nanda|resolved_near_0|second_set_loser|set_1_no_tiebreaker|set_2_no_tiebreaker|small_range|starting_bucket_20_29|starting_price_0024|straight_sets|third_set_unknown,1.1736,18.31,10,23.0,0,0,0,
2025-07-17T01:28:00+00:00,13.0,87.39,2_sets|crossed_10|crossed_20|downtrend_finish|ending_bucket_00_09|ending_price_0001|first_set_loser|heavy_underdog|large_single_move|loser|medium_range|medium_volatility|moderate_reversals|multi_crossed_10|multi_crossed_20|never_crossed_50|no_tiebreaker|opponent_denis_shapovalov|oscillating_shape|player_govind_nanda|resolved_near_0|second_set_loser|set_1_no_tiebreaker|set_2_no_tiebreaker|small_range|starting_bucket_20_29|starting_price_0024|straight_sets|third_set_unknown,1.1736,18.31,10,23.0,0,0,0,
2025-07-17T01:31:00+00:00,8.0,95.0,2_sets|crossed_10|crossed_20|downtrend_finish|ending_bucket_00_09|ending_price_0001|first_set_loser|heavy_underdog|large_single_move|loser|medium_range|medium_volatility|moderate_reversals|multi_crossed_10|multi_crossed_20|never_crossed_50|no_tiebreaker|opponent_denis_shapovalov|oscillating_shape|player_govind_nanda|resolved_near_0|second_set_loser|set_1_no_tiebreaker|set_2_no_tiebreaker|small_range|starting_bucket_20_29|starting_price_0024|straight_sets|third_set_unknown,1.1736,18.31,10,23.0,0,0,0,
2025-07-17T01:34:00+00:00,7.0,95.0,2_sets|crossed_10|crossed_20|downtrend_finish|ending_bucket_00_09|ending_price_0001|first_set_loser|heavy_underdog|large_single_move|loser|medium_range|medium_volatility|moderate_reversals|multi_crossed_10|multi_crossed_20|never_crossed_50|no_tiebreaker|opponent_denis_shapovalov|oscillating_shape|player_govind_nanda|resolved_near_0|second_set_loser|set_1_no_tiebreaker|set_2_no_tiebreaker|small_range|starting_bucket_20_29|starting_price_0024|straight_sets|third_set_unknown,1.1736,18.31,10,23.0,0,0,0,
2025-07-17T01:35:00+00:00,7.0,95.0,2_sets|crossed_10|crossed_20|downtrend_finish|ending_bucket_00_09|ending_price_0001|first_set_loser|heavy_underdog|large_single_move|loser|medium_range|medium_volatility|moderate_reversals|multi_crossed_10|multi_crossed_20|never_crossed_50|no_tiebreaker|opponent_denis_shapovalov|oscillating_shape|player_govind_nanda|resolved_near_0|second_set_loser|set_1_no_tiebreaker|set_2_no_tiebreaker|small_range|starting_bucket_20_29|starting_price_0024|straight_sets|third_set_unknown,1.1736,18.31,10,23.0,0,0,0,
2025-07-17T01:40:00+00:00,7.0,99.0,2_sets|crossed_10|crossed_20|downtrend_finish|ending_bucket_00_09|ending_price_0001|first_set_loser|heavy_underdog|large_single_move|loser|medium_range|medium_volatility|moderate_reversals|multi_crossed_10|multi_crossed_20|never_crossed_50|no_tiebreaker|opponent_denis_shapovalov|oscillating_shape|player_govind_nanda|resolved_near_0|second_set_loser|set_1_no_tiebreaker|set_2_no_tiebreaker|small_range|starting_bucket_20_29|starting_price_0024|straight_sets|third_set_unknown,1.1736,18.31,10,23.0,0,0,0,
2025-07-17T01:41:00+00:00,1.95,99.0,2_sets|crossed_10|crossed_20|downtrend_finish|ending_bucket_00_09|ending_price_0001|first_set_loser|heavy_underdog|large_single_move|loser|medium_range|medium_volatility|moderate_reversals|multi_crossed_10|multi_crossed_20|never_crossed_50|no_tiebreaker|opponent_denis_shapovalov|oscillating_shape|player_govind_nanda|resolved_near_0|second_set_loser|set_1_no_tiebreaker|set_2_no_tiebreaker|small_range|starting_bucket_20_29|starting_price_0024|straight_sets|third_set_unknown,1.1736,18.31,10,23.0,0,0,0,
2025-07-17T01:43:00+00:00,2.0,99.0,2_sets|crossed_10|crossed_20|downtrend_finish|ending_bucket_00_09|ending_price_0001|first_set_loser|heavy_underdog|large_single_move|loser|medium_range|medium_volatility|moderate_reversals|multi_crossed_10|multi_crossed_20|never_crossed_50|no_tiebreaker|opponent_denis_shapovalov|oscillating_shape|player_govind_nanda|resolved_near_0|second_set_loser|set_1_no_tiebreaker|set_2_no_tiebreaker|small_range|starting_bucket_20_29|starting_price_0024|straight_sets|third_set_unknown,1.1736,18.31,10,23.0,0,0,0,
2025-07-17T01:44:00+00:00,2.57,99.0,2_sets|crossed_10|crossed_20|downtrend_finish|ending_bucket_00_09|ending_price_0001|first_set_loser|heavy_underdog|large_single_move|loser|medium_range|medium_volatility|moderate_reversals|multi_crossed_10|multi_crossed_20|never_crossed_50|no_tiebreaker|opponent_denis_shapovalov|oscillating_shape|player_govind_nanda|resolved_near_0|second_set_loser|set_1_no_tiebreaker|set_2_no_tiebreaker|small_range|starting_bucket_20_29|starting_price_0024|straight_sets|third_set_unknown,1.1736,18.31,10,23.0,0,0,0,
2025-07-17T01:45:00+00:00,2.57,99.0,2_sets|crossed_10|crossed_20|downtrend_finish|ending_bucket_00_09|ending_price_0001|first_set_loser|heavy_underdog|large_single_move|loser|medium_range|medium_volatility|moderate_reversals|multi_crossed_10|multi_crossed_20|never_crossed_50|no_tiebreaker|opponent_denis_shapovalov|oscillating_shape|player_govind_nanda|resolved_near_0|second_set_loser|set_1_no_tiebreaker|set_2_no_tiebreaker|small_range|starting_bucket_20_29|starting_price_0024|straight_sets|third_set_unknown,1.1736,18.31,10,23.0,0,0,0,
2025-07-17T01:46:00+00:00,2.0,99.0,2_sets|crossed_10|crossed_20|downtrend_finish|ending_bucket_00_09|ending_price_0001|first_set_loser|heavy_underdog|large_single_move|loser|medium_range|medium_volatility|moderate_reversals|multi_crossed_10|multi_crossed_20|never_crossed_50|no_tiebreaker|opponent_denis_shapovalov|oscillating_shape|player_govind_nanda|resolved_near_0|second_set_loser|set_1_no_tiebreaker|set_2_no_tiebreaker|small_range|starting_bucket_20_29|starting_price_0024|straight_sets|third_set_unknown,1.1736,18.31,10,23.0,0,0,0,
2025-07-17T01:47:00+00:00,1.0,99.0,2_sets|crossed_10|crossed_20|downtrend_finish|ending_bucket_00_09|ending_price_0001|first_set_loser|heavy_underdog|large_single_move|loser|medium_range|medium_volatility|moderate_reversals|multi_crossed_10|multi_crossed_20|never_crossed_50|no_tiebreaker|opponent_denis_shapovalov|oscillating_shape|player_govind_nanda|resolved_near_0|second_set_loser|set_1_no_tiebreaker|set_2_no_tiebreaker|small_range|starting_bucket_20_29|starting_price_0024|straight_sets|third_set_unknown,1.1736,18.31,10,23.0,0,0,0,
2025-07-17T02:06:00+00:00,2.0,99.0,2_sets|crossed_10|crossed_20|downtrend_finish|ending_bucket_00_09|ending_price_0001|first_set_loser|heavy_underdog|large_single_move|loser|medium_range|medium_volatility|moderate_reversals|multi_crossed_10|multi_crossed_20|never_crossed_50|no_tiebreaker|opponent_denis_shapovalov|oscillating_shape|player_govind_nanda|resolved_near_0|second_set_loser|set_1_no_tiebreaker|set_2_no_tiebreaker|small_range|starting_bucket_20_29|starting_price_0024|straight_sets|third_set_unknown,1.1736,18.31,10,23.0,0,0,0,
2025-07-17T02:07:00+00:00,2.0,99.0,2_sets|crossed_10|crossed_20|downtrend_finish|ending_bucket_00_09|ending_price_0001|first_set_loser|heavy_underdog|large_single_move|loser|medium_range|medium_volatility|moderate_reversals|multi_crossed_10|multi_crossed_20|never_crossed_50|no_tiebreaker|opponent_denis_shapovalov|oscillating_shape|player_govind_nanda|resolved_near_0|second_set_loser|set_1_no_tiebreaker|set_2_no_tiebreaker|small_range|starting_bucket_20_29|starting_price_0024|straight_sets|third_set_unknown,1.1736,18.31,10,23.0,0,0,0,
2025-07-17T02:08:00+00:00,2.0,99.0,2_sets|crossed_10|crossed_20|downtrend_finish|ending_bucket_00_09|ending_price_0001|first_set_loser|heavy_underdog|large_single_move|loser|medium_range|medium_volatility|moderate_reversals|multi_crossed_10|multi_crossed_20|never_crossed_50|no_tiebreaker|opponent_denis_shapovalov|oscillating_shape|player_govind_nanda|resolved_near_0|second_set_loser|set_1_no_tiebreaker|set_2_no_tiebreaker|small_range|starting_bucket_20_29|starting_price_0024|straight_sets|third_set_unknown,1.1736,18.31,10,23.0,0,0,0,
2025-07-17T02:10:00+00:00,1.0,99.0,2_sets|crossed_10|crossed_20|downtrend_finish|ending_bucket_00_09|ending_price_0001|first_set_loser|heavy_underdog|large_single_move|loser|medium_range|medium_volatility|moderate_reversals|multi_crossed_10|multi_crossed_20|never_crossed_50|no_tiebreaker|opponent_denis_shapovalov|oscillating_shape|player_govind_nanda|resolved_near_0|second_set_loser|set_1_no_tiebreaker|set_2_no_tiebreaker|small_range|starting_bucket_20_29|starting_price_0024|straight_sets|third_set_unknown,1.1736,18.31,10,23.0,0,0,0,
