timestamp,player_price,opponent_price,tags,volatility_score,max_single_move,direction_flips,range_points,crossings_25,crossings_50,crossings_75,first_cross_50_pct
2025-07-21T12:16:00+00:00,30.0,63.0,3_sets|crossed_10|crossed_20|crossed_25|crossed_30|crossed_40|downtrend_finish|ending_bucket_00_09|ending_price_0002|first_set_loser|high_volatility|highly_oscillating_shape|inverted_v_failed_spike|large_range|large_single_move|loser|many_reversals|medium_range|multi_crossed_10|multi_crossed_20|multi_crossed_25|multi_crossed_30|multi_crossed_40|never_crossed_50|opponent_reilly_opelka|player_murphy_cassone|resolved_near_0|second_set_winner|set_1_tiebreaker|set_2_tiebreaker|set_3_no_tiebreaker|starting_bucket_30_39|starting_price_0030|third_set_loser|three_set_match|tiebreaker|underdog,3.5264,24.13,48,44.54,18,0,0,
2025-07-21T12:17:00+00:00,30.0,72.0,3_sets|crossed_10|crossed_20|crossed_25|crossed_30|crossed_40|downtrend_finish|ending_bucket_00_09|ending_price_0002|first_set_loser|high_volatility|highly_oscillating_shape|inverted_v_failed_spike|large_range|large_single_move|loser|many_reversals|medium_range|multi_crossed_10|multi_crossed_20|multi_crossed_25|multi_crossed_30|multi_crossed_40|never_crossed_50|opponent_reilly_opelka|player_murphy_cassone|resolved_near_0|second_set_winner|set_1_tiebreaker|set_2_tiebreaker|set_3_no_tiebreaker|starting_bucket_30_39|starting_price_0030|third_set_loser|three_set_match|tiebreaker|underdog,3.5264,24.13,48,44.54,18,0,0,
2025-07-21T14:54:00+00:00,30.0,72.0,3_sets|crossed_10|crossed_20|crossed_25|crossed_30|crossed_40|downtrend_finish|ending_bucket_00_09|ending_price_0002|first_set_loser|high_volatility|highly_oscillating_shape|inverted_v_failed_spike|large_range|large_single_move|loser|many_reversals|medium_range|multi_crossed_10|multi_crossed_20|multi_crossed_25|multi_crossed_30|multi_crossed_40|never_crossed_50|opponent_reilly_opelka|player_murphy_cassone|resolved_near_0|second_set_winner|set_1_tiebreaker|set_2_tiebreaker|set_3_no_tiebreaker|starting_bucket_30_39|starting_price_0030|third_set_loser|three_set_match|tiebreaker|underdog,3.5264,24.13,48,44.54,18,0,0,
2025-07-21T14:55:00+00:00,30.0,72.0,3_sets|crossed_10|crossed_20|crossed_25|crossed_30|crossed_40|downtrend_finish|ending_bucket_00_09|ending_price_0002|first_set_loser|high_volatility|highly_oscillating_shape|inverted_v_failed_spike|large_range|large_single_move|loser|many_reversals|medium_range|multi_crossed_10|multi_crossed_20|multi_crossed_25|multi_crossed_30|multi_crossed_40|never_crossed_50|opponent_reilly_opelka|player_murphy_cassone|resolved_near_0|second_set_winner|set_1_tiebreaker|set_2_tiebreaker|set_3_no_tiebreaker|starting_bucket_30_39|starting_price_0030|third_set_loser|three_set_match|tiebreaker|underdog,3.5264,24.13,48,44.54,18,0,0,
2025-07-21T15:34:00+00:00,30.0,71.0,3_sets|crossed_10|crossed_20|crossed_25|crossed_30|crossed_40|downtrend_finish|ending_bucket_00_09|ending_price_0002|first_set_loser|high_volatility|highly_oscillating_shape|inverted_v_failed_spike|large_range|large_single_move|loser|many_reversals|medium_range|multi_crossed_10|multi_crossed_20|multi_crossed_25|multi_crossed_30|multi_crossed_40|never_crossed_50|opponent_reilly_opelka|player_murphy_cassone|resolved_near_0|second_set_winner|set_1_tiebreaker|set_2_tiebreaker|set_3_no_tiebreaker|starting_bucket_30_39|starting_price_0030|third_set_loser|three_set_match|tiebreaker|underdog,3.5264,24.13,48,44.54,18,0,0,
2025-07-21T17:12:00+00:00,30.0,71.88,3_sets|crossed_10|crossed_20|crossed_25|crossed_30|crossed_40|downtrend_finish|ending_bucket_00_09|ending_price_0002|first_set_loser|high_volatility|highly_oscillating_shape|inverted_v_failed_spike|large_range|large_single_move|loser|many_reversals|medium_range|multi_crossed_10|multi_crossed_20|multi_crossed_25|multi_crossed_30|multi_crossed_40|never_crossed_50|opponent_reilly_opelka|player_murphy_cassone|resolved_near_0|second_set_winner|set_1_tiebreaker|set_2_tiebreaker|set_3_no_tiebreaker|starting_bucket_30_39|starting_price_0030|third_set_loser|three_set_match|tiebreaker|underdog,3.5264,24.13,48,44.54,18,0,0,
2025-07-21T17:23:00+00:00,30.0,73.0,3_sets|crossed_10|crossed_20|crossed_25|crossed_30|crossed_40|downtrend_finish|ending_bucket_00_09|ending_price_0002|first_set_loser|high_volatility|highly_oscillating_shape|inverted_v_failed_spike|large_range|large_single_move|loser|many_reversals|medium_range|multi_crossed_10|multi_crossed_20|multi_crossed_25|multi_crossed_30|multi_crossed_40|never_crossed_50|opponent_reilly_opelka|player_murphy_cassone|resolved_near_0|second_set_winner|set_1_tiebreaker|set_2_tiebreaker|set_3_no_tiebreaker|starting_bucket_30_39|starting_price_0030|third_set_loser|three_set_match|tiebreaker|underdog,3.5264,24.13,48,44.54,18,0,0,
2025-07-21T17:27:00+00:00,30.0,73.0,3_sets|crossed_10|crossed_20|crossed_25|crossed_30|crossed_40|downtrend_finish|ending_bucket_00_09|ending_price_0002|first_set_loser|high_volatility|highly_oscillating_shape|inverted_v_failed_spike|large_range|large_single_move|loser|many_reversals|medium_range|multi_crossed_10|multi_crossed_20|multi_crossed_25|multi_crossed_30|multi_crossed_40|never_crossed_50|opponent_reilly_opelka|player_murphy_cassone|resolved_near_0|second_set_winner|set_1_tiebreaker|set_2_tiebreaker|set_3_no_tiebreaker|starting_bucket_30_39|starting_price_0030|third_set_loser|three_set_match|tiebreaker|underdog,3.5264,24.13,48,44.54,18,0,0,
2025-07-21T17:50:00+00:00,30.0,73.0,3_sets|crossed_10|crossed_20|crossed_25|crossed_30|crossed_40|downtrend_finish|ending_bucket_00_09|ending_price_0002|first_set_loser|high_volatility|highly_oscillating_shape|inverted_v_failed_spike|large_range|large_single_move|loser|many_reversals|medium_range|multi_crossed_10|multi_crossed_20|multi_crossed_25|multi_crossed_30|multi_crossed_40|never_crossed_50|opponent_reilly_opelka|player_murphy_cassone|resolved_near_0|second_set_winner|set_1_tiebreaker|set_2_tiebreaker|set_3_no_tiebreaker|starting_bucket_30_39|starting_price_0030|third_set_loser|three_set_match|tiebreaker|underdog,3.5264,24.13,48,44.54,18,0,0,
2025-07-21T18:27:00+00:00,30.0,73.0,3_sets|crossed_10|crossed_20|crossed_25|crossed_30|crossed_40|downtrend_finish|ending_bucket_00_09|ending_price_0002|first_set_loser|high_volatility|highly_oscillating_shape|inverted_v_failed_spike|large_range|large_single_move|loser|many_reversals|medium_range|multi_crossed_10|multi_crossed_20|multi_crossed_25|multi_crossed_30|multi_crossed_40|never_crossed_50|opponent_reilly_opelka|player_murphy_cassone|resolved_near_0|second_set_winner|set_1_tiebreaker|set_2_tiebreaker|set_3_no_tiebreaker|starting_bucket_30_39|starting_price_0030|third_set_loser|three_set_match|tiebreaker|underdog,3.5264,24.13,48,44.54,18,0,0,
2025-07-21T18:41:00+00:00,30.0,71.0,3_sets|crossed_10|crossed_20|crossed_25|crossed_30|crossed_40|downtrend_finish|ending_bucket_00_09|ending_price_0002|first_set_loser|high_volatility|highly_oscillating_shape|inverted_v_failed_spike|large_range|large_single_move|loser|many_reversals|medium_range|multi_crossed_10|multi_crossed_20|multi_crossed_25|multi_crossed_30|multi_crossed_40|never_crossed_50|opponent_reilly_opelka|player_murphy_cassone|resolved_near_0|second_set_winner|set_1_tiebreaker|set_2_tiebreaker|set_3_no_tiebreaker|starting_bucket_30_39|starting_price_0030|third_set_loser|three_set_match|tiebreaker|underdog,3.5264,24.13,48,44.54,18,0,0,
2025-07-21T19:00:00+00:00,30.0,71.0,3_sets|crossed_10|crossed_20|crossed_25|crossed_30|crossed_40|downtrend_finish|ending_bucket_00_09|ending_price_0002|first_set_loser|high_volatility|highly_oscillating_shape|inverted_v_failed_spike|large_range|large_single_move|loser|many_reversals|medium_range|multi_crossed_10|multi_crossed_20|multi_crossed_25|multi_crossed_30|multi_crossed_40|never_crossed_50|opponent_reilly_opelka|player_murphy_cassone|resolved_near_0|second_set_winner|set_1_tiebreaker|set_2_tiebreaker|set_3_no_tiebreaker|starting_bucket_30_39|starting_price_0030|third_set_loser|three_set_match|tiebreaker|underdog,3.5264,24.13,48,44.54,18,0,0,
2025-07-21T19:04:00+00:00,30.0,71.0,3_sets|crossed_10|crossed_20|crossed_25|crossed_30|crossed_40|downtrend_finish|ending_bucket_00_09|ending_price_0002|first_set_loser|high_volatility|highly_oscillating_shape|inverted_v_failed_spike|large_range|large_single_move|loser|many_reversals|medium_range|multi_crossed_10|multi_crossed_20|multi_crossed_25|multi_crossed_30|multi_crossed_40|never_crossed_50|opponent_reilly_opelka|player_murphy_cassone|resolved_near_0|second_set_winner|set_1_tiebreaker|set_2_tiebreaker|set_3_no_tiebreaker|starting_bucket_30_39|starting_price_0030|third_set_loser|three_set_match|tiebreaker|underdog,3.5264,24.13,48,44.54,18,0,0,
2025-07-21T19:07:00+00:00,30.0,71.0,3_sets|crossed_10|crossed_20|crossed_25|crossed_30|crossed_40|downtrend_finish|ending_bucket_00_09|ending_price_0002|first_set_loser|high_volatility|highly_oscillating_shape|inverted_v_failed_spike|large_range|large_single_move|loser|many_reversals|medium_range|multi_crossed_10|multi_crossed_20|multi_crossed_25|multi_crossed_30|multi_crossed_40|never_crossed_50|opponent_reilly_opelka|player_murphy_cassone|resolved_near_0|second_set_winner|set_1_tiebreaker|set_2_tiebreaker|set_3_no_tiebreaker|starting_bucket_30_39|starting_price_0030|third_set_loser|three_set_match|tiebreaker|underdog,3.5264,24.13,48,44.54,18,0,0,
2025-07-21T19:08:00+00:00,29.0,73.16,3_sets|crossed_10|crossed_20|crossed_25|crossed_30|crossed_40|downtrend_finish|ending_bucket_00_09|ending_price_0002|first_set_loser|high_volatility|highly_oscillating_shape|inverted_v_failed_spike|large_range|large_single_move|loser|many_reversals|medium_range|multi_crossed_10|multi_crossed_20|multi_crossed_25|multi_crossed_30|multi_crossed_40|never_crossed_50|opponent_reilly_opelka|player_murphy_cassone|resolved_near_0|second_set_winner|set_1_tiebreaker|set_2_tiebreaker|set_3_no_tiebreaker|starting_bucket_30_39|starting_price_0030|third_set_loser|three_set_match|tiebreaker|underdog,3.5264,24.13,48,44.54,18,0,0,
2025-07-21T19:09:00+00:00,29.0,74.0,3_sets|crossed_10|crossed_20|crossed_25|crossed_30|crossed_40|downtrend_finish|ending_bucket_00_09|ending_price_0002|first_set_loser|high_volatility|highly_oscillating_shape|inverted_v_failed_spike|large_range|large_single_move|loser|many_reversals|medium_range|multi_crossed_10|multi_crossed_20|multi_crossed_25|multi_crossed_30|multi_crossed_40|never_crossed_50|opponent_reilly_opelka|player_murphy_cassone|resolved_near_0|second_set_winner|set_1_tiebreaker|set_2_tiebreaker|set_3_no_tiebreaker|starting_bucket_30_39|starting_price_0030|third_set_loser|three_set_match|tiebreaker|underdog,3.5264,24.13,48,44.54,18,0,0,
2025-07-21T19:10:00+00:00,29.0,74.0,3_sets|crossed_10|crossed_20|crossed_25|crossed_30|crossed_40|downtrend_finish|ending_bucket_00_09|ending_price_0002|first_set_loser|high_volatility|highly_oscillating_shape|inverted_v_failed_spike|large_range|large_single_move|loser|many_reversals|medium_range|multi_crossed_10|multi_crossed_20|multi_crossed_25|multi_crossed_30|multi_crossed_40|never_crossed_50|opponent_reilly_opelka|player_murphy_cassone|resolved_near_0|second_set_winner|set_1_tiebreaker|set_2_tiebreaker|set_3_no_tiebreaker|starting_bucket_30_39|starting_price_0030|third_set_loser|three_set_match|tiebreaker|underdog,3.5264,24.13,48,44.54,18,0,0,
2025-07-21T19:11:00+00:00,33.0,74.41,3_sets|crossed_10|crossed_20|crossed_25|crossed_30|crossed_40|downtrend_finish|ending_bucket_00_09|ending_price_0002|first_set_loser|high_volatility|highly_oscillating_shape|inverted_v_failed_spike|large_range|large_single_move|loser|many_reversals|medium_range|multi_crossed_10|multi_crossed_20|multi_crossed_25|multi_crossed_30|multi_crossed_40|never_crossed_50|opponent_reilly_opelka|player_murphy_cassone|resolved_near_0|second_set_winner|set_1_tiebreaker|set_2_tiebreaker|set_3_no_tiebreaker|starting_bucket_30_39|starting_price_0030|third_set_loser|three_set_match|tiebreaker|underdog,3.5264,24.13,48,44.54,18,0,0,
2025-07-21T19:13:00+00:00,31.95,74.41,3_sets|crossed_10|crossed_20|crossed_25|crossed_30|crossed_40|downtrend_finish|ending_bucket_00_09|ending_price_0002|first_set_loser|high_volatility|highly_oscillating_shape|inverted_v_failed_spike|large_range|large_single_move|loser|many_reversals|medium_range|multi_crossed_10|multi_crossed_20|multi_crossed_25|multi_crossed_30|multi_crossed_40|never_crossed_50|opponent_reilly_opelka|player_murphy_cassone|resolved_near_0|second_set_winner|set_1_tiebreaker|set_2_tiebreaker|set_3_no_tiebreaker|starting_bucket_30_39|starting_price_0030|third_set_loser|three_set_match|tiebreaker|underdog,3.5264,24.13,48,44.54,18,0,0,
2025-07-21T19:14:00+00:00,27.51,73.22,3_sets|crossed_10|crossed_20|crossed_25|crossed_30|crossed_40|downtrend_finish|ending_bucket_00_09|ending_price_0002|first_set_loser|high_volatility|highly_oscillating_shape|inverted_v_failed_spike|large_range|large_single_move|loser|many_reversals|medium_range|multi_crossed_10|multi_crossed_20|multi_crossed_25|multi_crossed_30|multi_crossed_40|never_crossed_50|opponent_reilly_opelka|player_murphy_cassone|resolved_near_0|second_set_winner|set_1_tiebreaker|set_2_tiebreaker|set_3_no_tiebreaker|starting_bucket_30_39|starting_price_0030|third_set_loser|three_set_match|tiebreaker|underdog,3.5264,24.13,48,44.54,18,0,0,
2025-07-21T19:15:00+00:00,23.0,79.0,3_sets|crossed_10|crossed_20|crossed_25|crossed_30|crossed_40|downtrend_finish|ending_bucket_00_09|ending_price_0002|first_set_loser|high_volatility|highly_oscillating_shape|inverted_v_failed_spike|large_range|large_single_move|loser|many_reversals|medium_range|multi_crossed_10|multi_crossed_20|multi_crossed_25|multi_crossed_30|multi_crossed_40|never_crossed_50|opponent_reilly_opelka|player_murphy_cassone|resolved_near_0|second_set_winner|set_1_tiebreaker|set_2_tiebreaker|set_3_no_tiebreaker|starting_bucket_30_39|starting_price_0030|third_set_loser|three_set_match|tiebreaker|underdog,3.5264,24.13,48,44.54,18,0,0,
2025-07-21T19:16:00+00:00,23.0,75.15,3_sets|crossed_10|crossed_20|crossed_25|crossed_30|crossed_40|downtrend_finish|ending_bucket_00_09|ending_price_0002|first_set_loser|high_volatility|highly_oscillating_shape|inverted_v_failed_spike|large_range|large_single_move|loser|many_reversals|medium_range|multi_crossed_10|multi_crossed_20|multi_crossed_25|multi_crossed_30|multi_crossed_40|never_crossed_50|opponent_reilly_opelka|player_murphy_cassone|resolved_near_0|second_set_winner|set_1_tiebreaker|set_2_tiebreaker|set_3_no_tiebreaker|starting_bucket_30_39|starting_price_0030|third_set_loser|three_set_match|tiebreaker|underdog,3.5264,24.13,48,44.54,18,0,0,
2025-07-21T19:17:00+00:00,23.0,72.94,3_sets|crossed_10|crossed_20|crossed_25|crossed_30|crossed_40|downtrend_finish|ending_bucket_00_09|ending_price_0002|first_set_loser|high_volatility|highly_oscillating_shape|inverted_v_failed_spike|large_range|large_single_move|loser|many_reversals|medium_range|multi_crossed_10|multi_crossed_20|multi_crossed_25|multi_crossed_30|multi_crossed_40|never_crossed_50|opponent_reilly_opelka|player_murphy_cassone|resolved_near_0|second_set_winner|set_1_tiebreaker|set_2_tiebreaker|set_3_no_tiebreaker|starting_bucket_30_39|starting_price_0030|third_set_loser|three_set_match|tiebreaker|underdog,3.5264,24.13,48,44.54,18,0,0,
2025-07-21T19:18:00+00:00,31.85,64.0,3_sets|crossed_10|crossed_20|crossed_25|crossed_30|crossed_40|downtrend_finish|ending_bucket_00_09|ending_price_0002|first_set_loser|high_volatility|highly_oscillating_shape|inverted_v_failed_spike|large_range|large_single_move|loser|many_reversals|medium_range|multi_crossed_10|multi_crossed_20|multi_crossed_25|multi_crossed_30|multi_crossed_40|never_crossed_50|opponent_reilly_opelka|player_murphy_cassone|resolved_near_0|second_set_winner|set_1_tiebreaker|set_2_tiebreaker|set_3_no_tiebreaker|starting_bucket_30_39|starting_price_0030|third_set_loser|three_set_match|tiebreaker|underdog,3.5264,24.13,48,44.54,18,0,0,
2025-07-21T19:20:00+00:00,29.96,68.66,3_sets|crossed_10|crossed_20|crossed_25|crossed_30|crossed_40|downtrend_finish|ending_bucket_00_09|ending_price_0002|first_set_loser|high_volatility|highly_oscillating_shape|inverted_v_failed_spike|large_range|large_single_move|loser|many_reversals|medium_range|multi_crossed_10|multi_crossed_20|multi_crossed_25|multi_crossed_30|multi_crossed_40|never_crossed_50|opponent_reilly_opelka|player_murphy_cassone|resolved_near_0|second_set_winner|set_1_tiebreaker|set_2_tiebreaker|set_3_no_tiebreaker|starting_bucket_30_39|starting_price_0030|third_set_loser|three_set_match|tiebreaker|underdog,3.5264,24.13,48,44.54,18,0,0,
2025-07-21T19:21:00+00:00,29.96,74.0,3_sets|crossed_10|crossed_20|crossed_25|crossed_30|crossed_40|downtrend_finish|ending_bucket_00_09|ending_price_0002|first_set_loser|high_volatility|highly_oscillating_shape|inverted_v_failed_spike|large_range|large_single_move|loser|many_reversals|medium_range|multi_crossed_10|multi_crossed_20|multi_crossed_25|multi_crossed_30|multi_crossed_40|never_crossed_50|opponent_reilly_opelka|player_murphy_cassone|resolved_near_0|second_set_winner|set_1_tiebreaker|set_2_tiebreaker|set_3_no_tiebreaker|starting_bucket_30_39|starting_price_0030|third_set_loser|three_set_match|tiebreaker|underdog,3.5264,24.13,48,44.54,18,0,0,
2025-07-21T19:22:00+00:00,28.0,75.0,3_sets|crossed_10|crossed_20|crossed_25|crossed_30|crossed_40|downtrend_finish|ending_bucket_00_09|ending_price_0002|first_set_loser|high_volatility|highly_oscillating_shape|inverted_v_failed_spike|large_range|large_single_move|loser|many_reversals|medium_range|multi_crossed_10|multi_crossed_20|multi_crossed_25|multi_crossed_30|multi_crossed_40|never_crossed_50|opponent_reilly_opelka|player_murphy_cassone|resolved_near_0|second_set_winner|set_1_tiebreaker|set_2_tiebreaker|set_3_no_tiebreaker|starting_bucket_30_39|starting_price_0030|third_set_loser|three_set_match|tiebreaker|underdog,3.5264,24.13,48,44.54,18,0,0,
2025-07-21T19:23:00+00:00,25.0,75.0,3_sets|crossed_10|crossed_20|crossed_25|crossed_30|crossed_40|downtrend_finish|ending_bucket_00_09|ending_price_0002|first_set_loser|high_volatility|highly_oscillating_shape|inverted_v_failed_spike|large_range|large_single_move|loser|many_reversals|medium_range|multi_crossed_10|multi_crossed_20|multi_crossed_25|multi_crossed_30|multi_crossed_40|never_crossed_50|opponent_reilly_opelka|player_murphy_cassone|resolved_near_0|second_set_winner|set_1_tiebreaker|set_2_tiebreaker|set_3_no_tiebreaker|starting_bucket_30_39|starting_price_0030|third_set_loser|three_set_match|tiebreaker|underdog,3.5264,24.13,48,44.54,18,0,0,
2025-07-21T19:25:00+00:00,31.47,72.0,3_sets|crossed_10|crossed_20|crossed_25|crossed_30|crossed_40|downtrend_finish|ending_bucket_00_09|ending_price_0002|first_set_loser|high_volatility|highly_oscillating_shape|inverted_v_failed_spike|large_range|large_single_move|loser|many_reversals|medium_range|multi_crossed_10|multi_crossed_20|multi_crossed_25|multi_crossed_30|multi_crossed_40|never_crossed_50|opponent_reilly_opelka|player_murphy_cassone|resolved_near_0|second_set_winner|set_1_tiebreaker|set_2_tiebreaker|set_3_no_tiebreaker|starting_bucket_30_39|starting_price_0030|third_set_loser|three_set_match|tiebreaker|underdog,3.5264,24.13,48,44.54,18,0,0,
2025-07-21T19:26:00+00:00,30.0,72.0,3_sets|crossed_10|crossed_20|crossed_25|crossed_30|crossed_40|downtrend_finish|ending_bucket_00_09|ending_price_0002|first_set_loser|high_volatility|highly_oscillating_shape|inverted_v_failed_spike|large_range|large_single_move|loser|many_reversals|medium_range|multi_crossed_10|multi_crossed_20|multi_crossed_25|multi_crossed_30|multi_crossed_40|never_crossed_50|opponent_reilly_opelka|player_murphy_cassone|resolved_near_0|second_set_winner|set_1_tiebreaker|set_2_tiebreaker|set_3_no_tiebreaker|starting_bucket_30_39|starting_price_0030|third_set_loser|three_set_match|tiebreaker|underdog,3.5264,24.13,48,44.54,18,0,0,
2025-07-21T19:27:00+00:00,30.0,75.0,3_sets|crossed_10|crossed_20|crossed_25|crossed_30|crossed_40|downtrend_finish|ending_bucket_00_09|ending_price_0002|first_set_loser|high_volatility|highly_oscillating_shape|inverted_v_failed_spike|large_range|large_single_move|loser|many_reversals|medium_range|multi_crossed_10|multi_crossed_20|multi_crossed_25|multi_crossed_30|multi_crossed_40|never_crossed_50|opponent_reilly_opelka|player_murphy_cassone|resolved_near_0|second_set_winner|set_1_tiebreaker|set_2_tiebreaker|set_3_no_tiebreaker|starting_bucket_30_39|starting_price_0030|third_set_loser|three_set_match|tiebreaker|underdog,3.5264,24.13,48,44.54,18,0,0,
2025-07-21T19:30:00+00:00,29.0,71.0,3_sets|crossed_10|crossed_20|crossed_25|crossed_30|crossed_40|downtrend_finish|ending_bucket_00_09|ending_price_0002|first_set_loser|high_volatility|highly_oscillating_shape|inverted_v_failed_spike|large_range|large_single_move|loser|many_reversals|medium_range|multi_crossed_10|multi_crossed_20|multi_crossed_25|multi_crossed_30|multi_crossed_40|never_crossed_50|opponent_reilly_opelka|player_murphy_cassone|resolved_near_0|second_set_winner|set_1_tiebreaker|set_2_tiebreaker|set_3_no_tiebreaker|starting_bucket_30_39|starting_price_0030|third_set_loser|three_set_match|tiebreaker|underdog,3.5264,24.13,48,44.54,18,0,0,
2025-07-21T19:31:00+00:00,30.0,71.0,3_sets|crossed_10|crossed_20|crossed_25|crossed_30|crossed_40|downtrend_finish|ending_bucket_00_09|ending_price_0002|first_set_loser|high_volatility|highly_oscillating_shape|inverted_v_failed_spike|large_range|large_single_move|loser|many_reversals|medium_range|multi_crossed_10|multi_crossed_20|multi_crossed_25|multi_crossed_30|multi_crossed_40|never_crossed_50|opponent_reilly_opelka|player_murphy_cassone|resolved_near_0|second_set_winner|set_1_tiebreaker|set_2_tiebreaker|set_3_no_tiebreaker|starting_bucket_30_39|starting_price_0030|third_set_loser|three_set_match|tiebreaker|underdog,3.5264,24.13,48,44.54,18,0,0,
2025-07-21T19:32:00+00:00,30.0,79.37,3_sets|crossed_10|crossed_20|crossed_25|crossed_30|crossed_40|downtrend_finish|ending_bucket_00_09|ending_price_0002|first_set_loser|high_volatility|highly_oscillating_shape|inverted_v_failed_spike|large_range|large_single_move|loser|many_reversals|medium_range|multi_crossed_10|multi_crossed_20|multi_crossed_25|multi_crossed_30|multi_crossed_40|never_crossed_50|opponent_reilly_opelka|player_murphy_cassone|resolved_near_0|second_set_winner|set_1_tiebreaker|set_2_tiebreaker|set_3_no_tiebreaker|starting_bucket_30_39|starting_price_0030|third_set_loser|three_set_match|tiebreaker|underdog,3.5264,24.13,48,44.54,18,0,0,
2025-07-21T19:33:00+00:00,28.0,74.0,3_sets|crossed_10|crossed_20|crossed_25|crossed_30|crossed_40|downtrend_finish|ending_bucket_00_09|ending_price_0002|first_set_loser|high_volatility|highly_oscillating_shape|inverted_v_failed_spike|large_range|large_single_move|loser|many_reversals|medium_range|multi_crossed_10|multi_crossed_20|multi_crossed_25|multi_crossed_30|multi_crossed_40|never_crossed_50|opponent_reilly_opelka|player_murphy_cassone|resolved_near_0|second_set_winner|set_1_tiebreaker|set_2_tiebreaker|set_3_no_tiebreaker|starting_bucket_30_39|starting_price_0030|third_set_loser|three_set_match|tiebreaker|underdog,3.5264,24.13,48,44.54,18,0,0,
2025-07-21T19:34:00+00:00,28.8,74.0,3_sets|crossed_10|crossed_20|crossed_25|crossed_30|crossed_40|downtrend_finish|ending_bucket_00_09|ending_price_0002|first_set_loser|high_volatility|highly_oscillating_shape|inverted_v_failed_spike|large_range|large_single_move|loser|many_reversals|medium_range|multi_crossed_10|multi_crossed_20|multi_crossed_25|multi_crossed_30|multi_crossed_40|never_crossed_50|opponent_reilly_opelka|player_murphy_cassone|resolved_near_0|second_set_winner|set_1_tiebreaker|set_2_tiebreaker|set_3_no_tiebreaker|starting_bucket_30_39|starting_price_0030|third_set_loser|three_set_match|tiebreaker|underdog,3.5264,24.13,48,44.54,18,0,0,
2025-07-21T19:35:00+00:00,28.8,70.0,3_sets|crossed_10|crossed_20|crossed_25|crossed_30|crossed_40|downtrend_finish|ending_bucket_00_09|ending_price_0002|first_set_loser|high_volatility|highly_oscillating_shape|inverted_v_failed_spike|large_range|large_single_move|loser|many_reversals|medium_range|multi_crossed_10|multi_crossed_20|multi_crossed_25|multi_crossed_30|multi_crossed_40|never_crossed_50|opponent_reilly_opelka|player_murphy_cassone|resolved_near_0|second_set_winner|set_1_tiebreaker|set_2_tiebreaker|set_3_no_tiebreaker|starting_bucket_30_39|starting_price_0030|third_set_loser|three_set_match|tiebreaker|underdog,3.5264,24.13,48,44.54,18,0,0,
2025-07-21T19:36:00+00:00,28.8,69.0,3_sets|crossed_10|crossed_20|crossed_25|crossed_30|crossed_40|downtrend_finish|ending_bucket_00_09|ending_price_0002|first_set_loser|high_volatility|highly_oscillating_shape|inverted_v_failed_spike|large_range|large_single_move|loser|many_reversals|medium_range|multi_crossed_10|multi_crossed_20|multi_crossed_25|multi_crossed_30|multi_crossed_40|never_crossed_50|opponent_reilly_opelka|player_murphy_cassone|resolved_near_0|second_set_winner|set_1_tiebreaker|set_2_tiebreaker|set_3_no_tiebreaker|starting_bucket_30_39|starting_price_0030|third_set_loser|three_set_match|tiebreaker|underdog,3.5264,24.13,48,44.54,18,0,0,
2025-07-21T19:37:00+00:00,28.8,70.99,3_sets|crossed_10|crossed_20|crossed_25|crossed_30|crossed_40|downtrend_finish|ending_bucket_00_09|ending_price_0002|first_set_loser|high_volatility|highly_oscillating_shape|inverted_v_failed_spike|large_range|large_single_move|loser|many_reversals|medium_range|multi_crossed_10|multi_crossed_20|multi_crossed_25|multi_crossed_30|multi_crossed_40|never_crossed_50|opponent_reilly_opelka|player_murphy_cassone|resolved_near_0|second_set_winner|set_1_tiebreaker|set_2_tiebreaker|set_3_no_tiebreaker|starting_bucket_30_39|starting_price_0030|third_set_loser|three_set_match|tiebreaker|underdog,3.5264,24.13,48,44.54,18,0,0,
2025-07-21T19:38:00+00:00,34.52,67.0,3_sets|crossed_10|crossed_20|crossed_25|crossed_30|crossed_40|downtrend_finish|ending_bucket_00_09|ending_price_0002|first_set_loser|high_volatility|highly_oscillating_shape|inverted_v_failed_spike|large_range|large_single_move|loser|many_reversals|medium_range|multi_crossed_10|multi_crossed_20|multi_crossed_25|multi_crossed_30|multi_crossed_40|never_crossed_50|opponent_reilly_opelka|player_murphy_cassone|resolved_near_0|second_set_winner|set_1_tiebreaker|set_2_tiebreaker|set_3_no_tiebreaker|starting_bucket_30_39|starting_price_0030|third_set_loser|three_set_match|tiebreaker|underdog,3.5264,24.13,48,44.54,18,0,0,
2025-07-21T19:39:00+00:00,38.36,64.59,3_sets|crossed_10|crossed_20|crossed_25|crossed_30|crossed_40|downtrend_finish|ending_bucket_00_09|ending_price_0002|first_set_loser|high_volatility|highly_oscillating_shape|inverted_v_failed_spike|large_range|large_single_move|loser|many_reversals|medium_range|multi_crossed_10|multi_crossed_20|multi_crossed_25|multi_crossed_30|multi_crossed_40|never_crossed_50|opponent_reilly_opelka|player_murphy_cassone|resolved_near_0|second_set_winner|set_1_tiebreaker|set_2_tiebreaker|set_3_no_tiebreaker|starting_bucket_30_39|starting_price_0030|third_set_loser|three_set_match|tiebreaker|underdog,3.5264,24.13,48,44.54,18,0,0,
2025-07-21T19:40:00+00:00,38.36,67.07,3_sets|crossed_10|crossed_20|crossed_25|crossed_30|crossed_40|downtrend_finish|ending_bucket_00_09|ending_price_0002|first_set_loser|high_volatility|highly_oscillating_shape|inverted_v_failed_spike|large_range|large_single_move|loser|many_reversals|medium_range|multi_crossed_10|multi_crossed_20|multi_crossed_25|multi_crossed_30|multi_crossed_40|never_crossed_50|opponent_reilly_opelka|player_murphy_cassone|resolved_near_0|second_set_winner|set_1_tiebreaker|set_2_tiebreaker|set_3_no_tiebreaker|starting_bucket_30_39|starting_price_0030|third_set_loser|three_set_match|tiebreaker|underdog,3.5264,24.13,48,44.54,18,0,0,
2025-07-21T19:41:00+00:00,35.0,68.0,3_sets|crossed_10|crossed_20|crossed_25|crossed_30|crossed_40|downtrend_finish|ending_bucket_00_09|ending_price_0002|first_set_loser|high_volatility|highly_oscillating_shape|inverted_v_failed_spike|large_range|large_single_move|loser|many_reversals|medium_range|multi_crossed_10|multi_crossed_20|multi_crossed_25|multi_crossed_30|multi_crossed_40|never_crossed_50|opponent_reilly_opelka|player_murphy_cassone|resolved_near_0|second_set_winner|set_1_tiebreaker|set_2_tiebreaker|set_3_no_tiebreaker|starting_bucket_30_39|starting_price_0030|third_set_loser|three_set_match|tiebreaker|underdog,3.5264,24.13,48,44.54,18,0,0,
2025-07-21T19:42:00+00:00,35.0,68.0,3_sets|crossed_10|crossed_20|crossed_25|crossed_30|crossed_40|downtrend_finish|ending_bucket_00_09|ending_price_0002|first_set_loser|high_volatility|highly_oscillating_shape|inverted_v_failed_spike|large_range|large_single_move|loser|many_reversals|medium_range|multi_crossed_10|multi_crossed_20|multi_crossed_25|multi_crossed_30|multi_crossed_40|never_crossed_50|opponent_reilly_opelka|player_murphy_cassone|resolved_near_0|second_set_winner|set_1_tiebreaker|set_2_tiebreaker|set_3_no_tiebreaker|starting_bucket_30_39|starting_price_0030|third_set_loser|three_set_match|tiebreaker|underdog,3.5264,24.13,48,44.54,18,0,0,
2025-07-21T19:43:00+00:00,38.0,65.0,3_sets|crossed_10|crossed_20|crossed_25|crossed_30|crossed_40|downtrend_finish|ending_bucket_00_09|ending_price_0002|first_set_loser|high_volatility|highly_oscillating_shape|inverted_v_failed_spike|large_range|large_single_move|loser|many_reversals|medium_range|multi_crossed_10|multi_crossed_20|multi_crossed_25|multi_crossed_30|multi_crossed_40|never_crossed_50|opponent_reilly_opelka|player_murphy_cassone|resolved_near_0|second_set_winner|set_1_tiebreaker|set_2_tiebreaker|set_3_no_tiebreaker|starting_bucket_30_39|starting_price_0030|third_set_loser|three_set_match|tiebreaker|underdog,3.5264,24.13,48,44.54,18,0,0,
2025-07-21T19:44:00+00:00,37.0,66.0,3_sets|crossed_10|crossed_20|crossed_25|crossed_30|crossed_40|downtrend_finish|ending_bucket_00_09|ending_price_0002|first_set_loser|high_volatility|highly_oscillating_shape|inverted_v_failed_spike|large_range|large_single_move|loser|many_reversals|medium_range|multi_crossed_10|multi_crossed_20|multi_crossed_25|multi_crossed_30|multi_crossed_40|never_crossed_50|opponent_reilly_opelka|player_murphy_cassone|resolved_near_0|second_set_winner|set_1_tiebreaker|set_2_tiebreaker|set_3_no_tiebreaker|starting_bucket_30_39|starting_price_0030|third_set_loser|three_set_match|tiebreaker|underdog,3.5264,24.13,48,44.54,18,0,0,
2025-07-21T19:45:00+00:00,36.0,67.0,3_sets|crossed_10|crossed_20|crossed_25|crossed_30|crossed_40|downtrend_finish|ending_bucket_00_09|ending_price_0002|first_set_loser|high_volatility|highly_oscillating_shape|inverted_v_failed_spike|large_range|large_single_move|loser|many_reversals|medium_range|multi_crossed_10|multi_crossed_20|multi_crossed_25|multi_crossed_30|multi_crossed_40|never_crossed_50|opponent_reilly_opelka|player_murphy_cassone|resolved_near_0|second_set_winner|set_1_tiebreaker|set_2_tiebreaker|set_3_no_tiebreaker|starting_bucket_30_39|starting_price_0030|third_set_loser|three_set_match|tiebreaker|underdog,3.5264,24.13,48,44.54,18,0,0,
2025-07-21T19:46:00+00:00,34.0,69.0,3_sets|crossed_10|crossed_20|crossed_25|crossed_30|crossed_40|downtrend_finish|ending_bucket_00_09|ending_price_0002|first_set_loser|high_volatility|highly_oscillating_shape|inverted_v_failed_spike|large_range|large_single_move|loser|many_reversals|medium_range|multi_crossed_10|multi_crossed_20|multi_crossed_25|multi_crossed_30|multi_crossed_40|never_crossed_50|opponent_reilly_opelka|player_murphy_cassone|resolved_near_0|second_set_winner|set_1_tiebreaker|set_2_tiebreaker|set_3_no_tiebreaker|starting_bucket_30_39|starting_price_0030|third_set_loser|three_set_match|tiebreaker|underdog,3.5264,24.13,48,44.54,18,0,0,
2025-07-21T19:47:00+00:00,14.97,69.0,3_sets|crossed_10|crossed_20|crossed_25|crossed_30|crossed_40|downtrend_finish|ending_bucket_00_09|ending_price_0002|first_set_loser|high_volatility|highly_oscillating_shape|inverted_v_failed_spike|large_range|large_single_move|loser|many_reversals|medium_range|multi_crossed_10|multi_crossed_20|multi_crossed_25|multi_crossed_30|multi_crossed_40|never_crossed_50|opponent_reilly_opelka|player_murphy_cassone|resolved_near_0|second_set_winner|set_1_tiebreaker|set_2_tiebreaker|set_3_no_tiebreaker|starting_bucket_30_39|starting_price_0030|third_set_loser|three_set_match|tiebreaker|underdog,3.5264,24.13,48,44.54,18,0,0,
2025-07-21T19:48:00+00:00,33.0,69.0,3_sets|crossed_10|crossed_20|crossed_25|crossed_30|crossed_40|downtrend_finish|ending_bucket_00_09|ending_price_0002|first_set_loser|high_volatility|highly_oscillating_shape|inverted_v_failed_spike|large_range|large_single_move|loser|many_reversals|medium_range|multi_crossed_10|multi_crossed_20|multi_crossed_25|multi_crossed_30|multi_crossed_40|never_crossed_50|opponent_reilly_opelka|player_murphy_cassone|resolved_near_0|second_set_winner|set_1_tiebreaker|set_2_tiebreaker|set_3_no_tiebreaker|starting_bucket_30_39|starting_price_0030|third_set_loser|three_set_match|tiebreaker|underdog,3.5264,24.13,48,44.54,18,0,0,
2025-07-21T19:49:00+00:00,33.0,69.0,3_sets|crossed_10|crossed_20|crossed_25|crossed_30|crossed_40|downtrend_finish|ending_bucket_00_09|ending_price_0002|first_set_loser|high_volatility|highly_oscillating_shape|inverted_v_failed_spike|large_range|large_single_move|loser|many_reversals|medium_range|multi_crossed_10|multi_crossed_20|multi_crossed_25|multi_crossed_30|multi_crossed_40|never_crossed_50|opponent_reilly_opelka|player_murphy_cassone|resolved_near_0|second_set_winner|set_1_tiebreaker|set_2_tiebreaker|set_3_no_tiebreaker|starting_bucket_30_39|starting_price_0030|third_set_loser|three_set_match|tiebreaker|underdog,3.5264,24.13,48,44.54,18,0,0,
2025-07-21T19:51:00+00:00,33.0,69.0,3_sets|crossed_10|crossed_20|crossed_25|crossed_30|crossed_40|downtrend_finish|ending_bucket_00_09|ending_price_0002|first_set_loser|high_volatility|highly_oscillating_shape|inverted_v_failed_spike|large_range|large_single_move|loser|many_reversals|medium_range|multi_crossed_10|multi_crossed_20|multi_crossed_25|multi_crossed_30|multi_crossed_40|never_crossed_50|opponent_reilly_opelka|player_murphy_cassone|resolved_near_0|second_set_winner|set_1_tiebreaker|set_2_tiebreaker|set_3_no_tiebreaker|starting_bucket_30_39|starting_price_0030|third_set_loser|three_set_match|tiebreaker|underdog,3.5264,24.13,48,44.54,18,0,0,
2025-07-21T19:52:00+00:00,33.0,74.09,3_sets|crossed_10|crossed_20|crossed_25|crossed_30|crossed_40|downtrend_finish|ending_bucket_00_09|ending_price_0002|first_set_loser|high_volatility|highly_oscillating_shape|inverted_v_failed_spike|large_range|large_single_move|loser|many_reversals|medium_range|multi_crossed_10|multi_crossed_20|multi_crossed_25|multi_crossed_30|multi_crossed_40|never_crossed_50|opponent_reilly_opelka|player_murphy_cassone|resolved_near_0|second_set_winner|set_1_tiebreaker|set_2_tiebreaker|set_3_no_tiebreaker|starting_bucket_30_39|starting_price_0030|third_set_loser|three_set_match|tiebreaker|underdog,3.5264,24.13,48,44.54,18,0,0,
2025-07-21T19:53:00+00:00,27.0,73.0,3_sets|crossed_10|crossed_20|crossed_25|crossed_30|crossed_40|downtrend_finish|ending_bucket_00_09|ending_price_0002|first_set_loser|high_volatility|highly_oscillating_shape|inverted_v_failed_spike|large_range|large_single_move|loser|many_reversals|medium_range|multi_crossed_10|multi_crossed_20|multi_crossed_25|multi_crossed_30|multi_crossed_40|never_crossed_50|opponent_reilly_opelka|player_murphy_cassone|resolved_near_0|second_set_winner|set_1_tiebreaker|set_2_tiebreaker|set_3_no_tiebreaker|starting_bucket_30_39|starting_price_0030|third_set_loser|three_set_match|tiebreaker|underdog,3.5264,24.13,48,44.54,18,0,0,
2025-07-21T19:54:00+00:00,27.0,85.0,3_sets|crossed_10|crossed_20|crossed_25|crossed_30|crossed_40|downtrend_finish|ending_bucket_00_09|ending_price_0002|first_set_loser|high_volatility|highly_oscillating_shape|inverted_v_failed_spike|large_range|large_single_move|loser|many_reversals|medium_range|multi_crossed_10|multi_crossed_20|multi_crossed_25|multi_crossed_30|multi_crossed_40|never_crossed_50|opponent_reilly_opelka|player_murphy_cassone|resolved_near_0|second_set_winner|set_1_tiebreaker|set_2_tiebreaker|set_3_no_tiebreaker|starting_bucket_30_39|starting_price_0030|third_set_loser|three_set_match|tiebreaker|underdog,3.5264,24.13,48,44.54,18,0,0,
2025-07-21T19:55:00+00:00,27.0,79.5,3_sets|crossed_10|crossed_20|crossed_25|crossed_30|crossed_40|downtrend_finish|ending_bucket_00_09|ending_price_0002|first_set_loser|high_volatility|highly_oscillating_shape|inverted_v_failed_spike|large_range|large_single_move|loser|many_reversals|medium_range|multi_crossed_10|multi_crossed_20|multi_crossed_25|multi_crossed_30|multi_crossed_40|never_crossed_50|opponent_reilly_opelka|player_murphy_cassone|resolved_near_0|second_set_winner|set_1_tiebreaker|set_2_tiebreaker|set_3_no_tiebreaker|starting_bucket_30_39|starting_price_0030|third_set_loser|three_set_match|tiebreaker|underdog,3.5264,24.13,48,44.54,18,0,0,
2025-07-21T19:56:00+00:00,19.89,81.0,3_sets|crossed_10|crossed_20|crossed_25|crossed_30|crossed_40|downtrend_finish|ending_bucket_00_09|ending_price_0002|first_set_loser|high_volatility|highly_oscillating_shape|inverted_v_failed_spike|large_range|large_single_move|loser|many_reversals|medium_range|multi_crossed_10|multi_crossed_20|multi_crossed_25|multi_crossed_30|multi_crossed_40|never_crossed_50|opponent_reilly_opelka|player_murphy_cassone|resolved_near_0|second_set_winner|set_1_tiebreaker|set_2_tiebreaker|set_3_no_tiebreaker|starting_bucket_30_39|starting_price_0030|third_set_loser|three_set_match|tiebreaker|underdog,3.5264,24.13,48,44.54,18,0,0,
2025-07-21T19:57:00+00:00,37.0,83.71,3_sets|crossed_10|crossed_20|crossed_25|crossed_30|crossed_40|downtrend_finish|ending_bucket_00_09|ending_price_0002|first_set_loser|high_volatility|highly_oscillating_shape|inverted_v_failed_spike|large_range|large_single_move|loser|many_reversals|medium_range|multi_crossed_10|multi_crossed_20|multi_crossed_25|multi_crossed_30|multi_crossed_40|never_crossed_50|opponent_reilly_opelka|player_murphy_cassone|resolved_near_0|second_set_winner|set_1_tiebreaker|set_2_tiebreaker|set_3_no_tiebreaker|starting_bucket_30_39|starting_price_0030|third_set_loser|three_set_match|tiebreaker|underdog,3.5264,24.13,48,44.54,18,0,0,
2025-07-21T19:59:00+00:00,20.0,83.6,3_sets|crossed_10|crossed_20|crossed_25|crossed_30|crossed_40|downtrend_finish|ending_bucket_00_09|ending_price_0002|first_set_loser|high_volatility|highly_oscillating_shape|inverted_v_failed_spike|large_range|large_single_move|loser|many_reversals|medium_range|multi_crossed_10|multi_crossed_20|multi_crossed_25|multi_crossed_30|multi_crossed_40|never_crossed_50|opponent_reilly_opelka|player_murphy_cassone|resolved_near_0|second_set_winner|set_1_tiebreaker|set_2_tiebreaker|set_3_no_tiebreaker|starting_bucket_30_39|starting_price_0030|third_set_loser|three_set_match|tiebreaker|underdog,3.5264,24.13,48,44.54,18,0,0,
2025-07-21T20:00:00+00:00,20.0,88.0,3_sets|crossed_10|crossed_20|crossed_25|crossed_30|crossed_40|downtrend_finish|ending_bucket_00_09|ending_price_0002|first_set_loser|high_volatility|highly_oscillating_shape|inverted_v_failed_spike|large_range|large_single_move|loser|many_reversals|medium_range|multi_crossed_10|multi_crossed_20|multi_crossed_25|multi_crossed_30|multi_crossed_40|never_crossed_50|opponent_reilly_opelka|player_murphy_cassone|resolved_near_0|second_set_winner|set_1_tiebreaker|set_2_tiebreaker|set_3_no_tiebreaker|starting_bucket_30_39|starting_price_0030|third_set_loser|three_set_match|tiebreaker|underdog,3.5264,24.13,48,44.54,18,0,0,
2025-07-21T20:01:00+00:00,19.62,88.0,3_sets|crossed_10|crossed_20|crossed_25|crossed_30|crossed_40|downtrend_finish|ending_bucket_00_09|ending_price_0002|first_set_loser|high_volatility|highly_oscillating_shape|inverted_v_failed_spike|large_range|large_single_move|loser|many_reversals|medium_range|multi_crossed_10|multi_crossed_20|multi_crossed_25|multi_crossed_30|multi_crossed_40|never_crossed_50|opponent_reilly_opelka|player_murphy_cassone|resolved_near_0|second_set_winner|set_1_tiebreaker|set_2_tiebreaker|set_3_no_tiebreaker|starting_bucket_30_39|starting_price_0030|third_set_loser|three_set_match|tiebreaker|underdog,3.5264,24.13,48,44.54,18,0,0,
2025-07-21T20:02:00+00:00,20.0,88.0,3_sets|crossed_10|crossed_20|crossed_25|crossed_30|crossed_40|downtrend_finish|ending_bucket_00_09|ending_price_0002|first_set_loser|high_volatility|highly_oscillating_shape|inverted_v_failed_spike|large_range|large_single_move|loser|many_reversals|medium_range|multi_crossed_10|multi_crossed_20|multi_crossed_25|multi_crossed_30|multi_crossed_40|never_crossed_50|opponent_reilly_opelka|player_murphy_cassone|resolved_near_0|second_set_winner|set_1_tiebreaker|set_2_tiebreaker|set_3_no_tiebreaker|starting_bucket_30_39|starting_price_0030|third_set_loser|three_set_match|tiebreaker|underdog,3.5264,24.13,48,44.54,18,0,0,
2025-07-21T20:04:00+00:00,12.0,88.01,3_sets|crossed_10|crossed_20|crossed_25|crossed_30|crossed_40|downtrend_finish|ending_bucket_00_09|ending_price_0002|first_set_loser|high_volatility|highly_oscillating_shape|inverted_v_failed_spike|large_range|large_single_move|loser|many_reversals|medium_range|multi_crossed_10|multi_crossed_20|multi_crossed_25|multi_crossed_30|multi_crossed_40|never_crossed_50|opponent_reilly_opelka|player_murphy_cassone|resolved_near_0|second_set_winner|set_1_tiebreaker|set_2_tiebreaker|set_3_no_tiebreaker|starting_bucket_30_39|starting_price_0030|third_set_loser|three_set_match|tiebreaker|underdog,3.5264,24.13,48,44.54,18,0,0,
2025-07-21T20:06:00+00:00,17.0,87.0,3_sets|crossed_10|crossed_20|crossed_25|crossed_30|crossed_40|downtrend_finish|ending_bucket_00_09|ending_price_0002|first_set_loser|high_volatility|highly_oscillating_shape|inverted_v_failed_spike|large_range|large_single_move|loser|many_reversals|medium_range|multi_crossed_10|multi_crossed_20|multi_crossed_25|multi_crossed_30|multi_crossed_40|never_crossed_50|opponent_reilly_opelka|player_murphy_cassone|resolved_near_0|second_set_winner|set_1_tiebreaker|set_2_tiebreaker|set_3_no_tiebreaker|starting_bucket_30_39|starting_price_0030|third_set_loser|three_set_match|tiebreaker|underdog,3.5264,24.13,48,44.54,18,0,0,
2025-07-21T20:08:00+00:00,23.55,87.0,3_sets|crossed_10|crossed_20|crossed_25|crossed_30|crossed_40|downtrend_finish|ending_bucket_00_09|ending_price_0002|first_set_loser|high_volatility|highly_oscillating_shape|inverted_v_failed_spike|large_range|large_single_move|loser|many_reversals|medium_range|multi_crossed_10|multi_crossed_20|multi_crossed_25|multi_crossed_30|multi_crossed_40|never_crossed_50|opponent_reilly_opelka|player_murphy_cassone|resolved_near_0|second_set_winner|set_1_tiebreaker|set_2_tiebreaker|set_3_no_tiebreaker|starting_bucket_30_39|starting_price_0030|third_set_loser|three_set_match|tiebreaker|underdog,3.5264,24.13,48,44.54,18,0,0,
2025-07-21T20:09:00+00:00,20.25,87.31,3_sets|crossed_10|crossed_20|crossed_25|crossed_30|crossed_40|downtrend_finish|ending_bucket_00_09|ending_price_0002|first_set_loser|high_volatility|highly_oscillating_shape|inverted_v_failed_spike|large_range|large_single_move|loser|many_reversals|medium_range|multi_crossed_10|multi_crossed_20|multi_crossed_25|multi_crossed_30|multi_crossed_40|never_crossed_50|opponent_reilly_opelka|player_murphy_cassone|resolved_near_0|second_set_winner|set_1_tiebreaker|set_2_tiebreaker|set_3_no_tiebreaker|starting_bucket_30_39|starting_price_0030|third_set_loser|three_set_match|tiebreaker|underdog,3.5264,24.13,48,44.54,18,0,0,
2025-07-21T20:10:00+00:00,20.25,83.0,3_sets|crossed_10|crossed_20|crossed_25|crossed_30|crossed_40|downtrend_finish|ending_bucket_00_09|ending_price_0002|first_set_loser|high_volatility|highly_oscillating_shape|inverted_v_failed_spike|large_range|large_single_move|loser|many_reversals|medium_range|multi_crossed_10|multi_crossed_20|multi_crossed_25|multi_crossed_30|multi_crossed_40|never_crossed_50|opponent_reilly_opelka|player_murphy_cassone|resolved_near_0|second_set_winner|set_1_tiebreaker|set_2_tiebreaker|set_3_no_tiebreaker|starting_bucket_30_39|starting_price_0030|third_set_loser|three_set_match|tiebreaker|underdog,3.5264,24.13,48,44.54,18,0,0,
2025-07-21T20:11:00+00:00,18.0,84.48,3_sets|crossed_10|crossed_20|crossed_25|crossed_30|crossed_40|downtrend_finish|ending_bucket_00_09|ending_price_0002|first_set_loser|high_volatility|highly_oscillating_shape|inverted_v_failed_spike|large_range|large_single_move|loser|many_reversals|medium_range|multi_crossed_10|multi_crossed_20|multi_crossed_25|multi_crossed_30|multi_crossed_40|never_crossed_50|opponent_reilly_opelka|player_murphy_cassone|resolved_near_0|second_set_winner|set_1_tiebreaker|set_2_tiebreaker|set_3_no_tiebreaker|starting_bucket_30_39|starting_price_0030|third_set_loser|three_set_match|tiebreaker|underdog,3.5264,24.13,48,44.54,18,0,0,
2025-07-21T20:12:00+00:00,19.0,82.2,3_sets|crossed_10|crossed_20|crossed_25|crossed_30|crossed_40|downtrend_finish|ending_bucket_00_09|ending_price_0002|first_set_loser|high_volatility|highly_oscillating_shape|inverted_v_failed_spike|large_range|large_single_move|loser|many_reversals|medium_range|multi_crossed_10|multi_crossed_20|multi_crossed_25|multi_crossed_30|multi_crossed_40|never_crossed_50|opponent_reilly_opelka|player_murphy_cassone|resolved_near_0|second_set_winner|set_1_tiebreaker|set_2_tiebreaker|set_3_no_tiebreaker|starting_bucket_30_39|starting_price_0030|third_set_loser|three_set_match|tiebreaker|underdog,3.5264,24.13,48,44.54,18,0,0,
2025-07-21T20:13:00+00:00,17.02,84.0,3_sets|crossed_10|crossed_20|crossed_25|crossed_30|crossed_40|downtrend_finish|ending_bucket_00_09|ending_price_0002|first_set_loser|high_volatility|highly_oscillating_shape|inverted_v_failed_spike|large_range|large_single_move|loser|many_reversals|medium_range|multi_crossed_10|multi_crossed_20|multi_crossed_25|multi_crossed_30|multi_crossed_40|never_crossed_50|opponent_reilly_opelka|player_murphy_cassone|resolved_near_0|second_set_winner|set_1_tiebreaker|set_2_tiebreaker|set_3_no_tiebreaker|starting_bucket_30_39|starting_price_0030|third_set_loser|three_set_match|tiebreaker|underdog,3.5264,24.13,48,44.54,18,0,0,
2025-07-21T20:15:00+00:00,22.64,84.0,3_sets|crossed_10|crossed_20|crossed_25|crossed_30|crossed_40|downtrend_finish|ending_bucket_00_09|ending_price_0002|first_set_loser|high_volatility|highly_oscillating_shape|inverted_v_failed_spike|large_range|large_single_move|loser|many_reversals|medium_range|multi_crossed_10|multi_crossed_20|multi_crossed_25|multi_crossed_30|multi_crossed_40|never_crossed_50|opponent_reilly_opelka|player_murphy_cassone|resolved_near_0|second_set_winner|set_1_tiebreaker|set_2_tiebreaker|set_3_no_tiebreaker|starting_bucket_30_39|starting_price_0030|third_set_loser|three_set_match|tiebreaker|underdog,3.5264,24.13,48,44.54,18,0,0,
2025-07-21T20:17:00+00:00,22.0,84.0,3_sets|crossed_10|crossed_20|crossed_25|crossed_30|crossed_40|downtrend_finish|ending_bucket_00_09|ending_price_0002|first_set_loser|high_volatility|highly_oscillating_shape|inverted_v_failed_spike|large_range|large_single_move|loser|many_reversals|medium_range|multi_crossed_10|multi_crossed_20|multi_crossed_25|multi_crossed_30|multi_crossed_40|never_crossed_50|opponent_reilly_opelka|player_murphy_cassone|resolved_near_0|second_set_winner|set_1_tiebreaker|set_2_tiebreaker|set_3_no_tiebreaker|starting_bucket_30_39|starting_price_0030|third_set_loser|three_set_match|tiebreaker|underdog,3.5264,24.13,48,44.54,18,0,0,
2025-07-21T20:18:00+00:00,18.53,81.0,3_sets|crossed_10|crossed_20|crossed_25|crossed_30|crossed_40|downtrend_finish|ending_bucket_00_09|ending_price_0002|first_set_loser|high_volatility|highly_oscillating_shape|inverted_v_failed_spike|large_range|large_single_move|loser|many_reversals|medium_range|multi_crossed_10|multi_crossed_20|multi_crossed_25|multi_crossed_30|multi_crossed_40|never_crossed_50|opponent_reilly_opelka|player_murphy_cassone|resolved_near_0|second_set_winner|set_1_tiebreaker|set_2_tiebreaker|set_3_no_tiebreaker|starting_bucket_30_39|starting_price_0030|third_set_loser|three_set_match|tiebreaker|underdog,3.5264,24.13,48,44.54,18,0,0,
2025-07-21T20:19:00+00:00,19.0,81.95,3_sets|crossed_10|crossed_20|crossed_25|crossed_30|crossed_40|downtrend_finish|ending_bucket_00_09|ending_price_0002|first_set_loser|high_volatility|highly_oscillating_shape|inverted_v_failed_spike|large_range|large_single_move|loser|many_reversals|medium_range|multi_crossed_10|multi_crossed_20|multi_crossed_25|multi_crossed_30|multi_crossed_40|never_crossed_50|opponent_reilly_opelka|player_murphy_cassone|resolved_near_0|second_set_winner|set_1_tiebreaker|set_2_tiebreaker|set_3_no_tiebreaker|starting_bucket_30_39|starting_price_0030|third_set_loser|three_set_match|tiebreaker|underdog,3.5264,24.13,48,44.54,18,0,0,
2025-07-21T20:20:00+00:00,19.12,84.0,3_sets|crossed_10|crossed_20|crossed_25|crossed_30|crossed_40|downtrend_finish|ending_bucket_00_09|ending_price_0002|first_set_loser|high_volatility|highly_oscillating_shape|inverted_v_failed_spike|large_range|large_single_move|loser|many_reversals|medium_range|multi_crossed_10|multi_crossed_20|multi_crossed_25|multi_crossed_30|multi_crossed_40|never_crossed_50|opponent_reilly_opelka|player_murphy_cassone|resolved_near_0|second_set_winner|set_1_tiebreaker|set_2_tiebreaker|set_3_no_tiebreaker|starting_bucket_30_39|starting_price_0030|third_set_loser|three_set_match|tiebreaker|underdog,3.5264,24.13,48,44.54,18,0,0,
2025-07-21T20:21:00+00:00,22.04,83.03,3_sets|crossed_10|crossed_20|crossed_25|crossed_30|crossed_40|downtrend_finish|ending_bucket_00_09|ending_price_0002|first_set_loser|high_volatility|highly_oscillating_shape|inverted_v_failed_spike|large_range|large_single_move|loser|many_reversals|medium_range|multi_crossed_10|multi_crossed_20|multi_crossed_25|multi_crossed_30|multi_crossed_40|never_crossed_50|opponent_reilly_opelka|player_murphy_cassone|resolved_near_0|second_set_winner|set_1_tiebreaker|set_2_tiebreaker|set_3_no_tiebreaker|starting_bucket_30_39|starting_price_0030|third_set_loser|three_set_match|tiebreaker|underdog,3.5264,24.13,48,44.54,18,0,0,
2025-07-21T20:22:00+00:00,27.89,77.0,3_sets|crossed_10|crossed_20|crossed_25|crossed_30|crossed_40|downtrend_finish|ending_bucket_00_09|ending_price_0002|first_set_loser|high_volatility|highly_oscillating_shape|inverted_v_failed_spike|large_range|large_single_move|loser|many_reversals|medium_range|multi_crossed_10|multi_crossed_20|multi_crossed_25|multi_crossed_30|multi_crossed_40|never_crossed_50|opponent_reilly_opelka|player_murphy_cassone|resolved_near_0|second_set_winner|set_1_tiebreaker|set_2_tiebreaker|set_3_no_tiebreaker|starting_bucket_30_39|starting_price_0030|third_set_loser|three_set_match|tiebreaker|underdog,3.5264,24.13,48,44.54,18,0,0,
2025-07-21T20:23:00+00:00,40.25,79.0,3_sets|crossed_10|crossed_20|crossed_25|crossed_30|crossed_40|downtrend_finish|ending_bucket_00_09|ending_price_0002|first_set_loser|high_volatility|highly_oscillating_shape|inverted_v_failed_spike|large_range|large_single_move|loser|many_reversals|medium_range|multi_crossed_10|multi_crossed_20|multi_crossed_25|multi_crossed_30|multi_crossed_40|never_crossed_50|opponent_reilly_opelka|player_murphy_cassone|resolved_near_0|second_set_winner|set_1_tiebreaker|set_2_tiebreaker|set_3_no_tiebreaker|starting_bucket_30_39|starting_price_0030|third_set_loser|three_set_match|tiebreaker|underdog,3.5264,24.13,48,44.54,18,0,0,
2025-07-21T20:24:00+00:00,21.0,78.0,3_sets|crossed_10|crossed_20|crossed_25|crossed_30|crossed_40|downtrend_finish|ending_bucket_00_09|ending_price_0002|first_set_loser|high_volatility|highly_oscillating_shape|inverted_v_failed_spike|large_range|large_single_move|loser|many_reversals|medium_range|multi_crossed_10|multi_crossed_20|multi_crossed_25|multi_crossed_30|multi_crossed_40|never_crossed_50|opponent_reilly_opelka|player_murphy_cassone|resolved_near_0|second_set_winner|set_1_tiebreaker|set_2_tiebreaker|set_3_no_tiebreaker|starting_bucket_30_39|starting_price_0030|third_set_loser|three_set_match|tiebreaker|underdog,3.5264,24.13,48,44.54,18,0,0,
2025-07-21T20:25:00+00:00,21.0,80.83,3_sets|crossed_10|crossed_20|crossed_25|crossed_30|crossed_40|downtrend_finish|ending_bucket_00_09|ending_price_0002|first_set_loser|high_volatility|highly_oscillating_shape|inverted_v_failed_spike|large_range|large_single_move|loser|many_reversals|medium_range|multi_crossed_10|multi_crossed_20|multi_crossed_25|multi_crossed_30|multi_crossed_40|never_crossed_50|opponent_reilly_opelka|player_murphy_cassone|resolved_near_0|second_set_winner|set_1_tiebreaker|set_2_tiebreaker|set_3_no_tiebreaker|starting_bucket_30_39|starting_price_0030|third_set_loser|three_set_match|tiebreaker|underdog,3.5264,24.13,48,44.54,18,0,0,
2025-07-21T20:26:00+00:00,23.08,81.0,3_sets|crossed_10|crossed_20|crossed_25|crossed_30|crossed_40|downtrend_finish|ending_bucket_00_09|ending_price_0002|first_set_loser|high_volatility|highly_oscillating_shape|inverted_v_failed_spike|large_range|large_single_move|loser|many_reversals|medium_range|multi_crossed_10|multi_crossed_20|multi_crossed_25|multi_crossed_30|multi_crossed_40|never_crossed_50|opponent_reilly_opelka|player_murphy_cassone|resolved_near_0|second_set_winner|set_1_tiebreaker|set_2_tiebreaker|set_3_no_tiebreaker|starting_bucket_30_39|starting_price_0030|third_set_loser|three_set_match|tiebreaker|underdog,3.5264,24.13,48,44.54,18,0,0,
2025-07-21T20:27:00+00:00,14.99,85.97,3_sets|crossed_10|crossed_20|crossed_25|crossed_30|crossed_40|downtrend_finish|ending_bucket_00_09|ending_price_0002|first_set_loser|high_volatility|highly_oscillating_shape|inverted_v_failed_spike|large_range|large_single_move|loser|many_reversals|medium_range|multi_crossed_10|multi_crossed_20|multi_crossed_25|multi_crossed_30|multi_crossed_40|never_crossed_50|opponent_reilly_opelka|player_murphy_cassone|resolved_near_0|second_set_winner|set_1_tiebreaker|set_2_tiebreaker|set_3_no_tiebreaker|starting_bucket_30_39|starting_price_0030|third_set_loser|three_set_match|tiebreaker|underdog,3.5264,24.13,48,44.54,18,0,0,
2025-07-21T20:28:00+00:00,4.39,92.05,3_sets|crossed_10|crossed_20|crossed_25|crossed_30|crossed_40|downtrend_finish|ending_bucket_00_09|ending_price_0002|first_set_loser|high_volatility|highly_oscillating_shape|inverted_v_failed_spike|large_range|large_single_move|loser|many_reversals|medium_range|multi_crossed_10|multi_crossed_20|multi_crossed_25|multi_crossed_30|multi_crossed_40|never_crossed_50|opponent_reilly_opelka|player_murphy_cassone|resolved_near_0|second_set_winner|set_1_tiebreaker|set_2_tiebreaker|set_3_no_tiebreaker|starting_bucket_30_39|starting_price_0030|third_set_loser|three_set_match|tiebreaker|underdog,3.5264,24.13,48,44.54,18,0,0,
2025-07-21T20:29:00+00:00,2.91,94.1,3_sets|crossed_10|crossed_20|crossed_25|crossed_30|crossed_40|downtrend_finish|ending_bucket_00_09|ending_price_0002|first_set_loser|high_volatility|highly_oscillating_shape|inverted_v_failed_spike|large_range|large_single_move|loser|many_reversals|medium_range|multi_crossed_10|multi_crossed_20|multi_crossed_25|multi_crossed_30|multi_crossed_40|never_crossed_50|opponent_reilly_opelka|player_murphy_cassone|resolved_near_0|second_set_winner|set_1_tiebreaker|set_2_tiebreaker|set_3_no_tiebreaker|starting_bucket_30_39|starting_price_0030|third_set_loser|three_set_match|tiebreaker|underdog,3.5264,24.13,48,44.54,18,0,0,
2025-07-21T20:30:00+00:00,3.0,97.96,3_sets|crossed_10|crossed_20|crossed_25|crossed_30|crossed_40|downtrend_finish|ending_bucket_00_09|ending_price_0002|first_set_loser|high_volatility|highly_oscillating_shape|inverted_v_failed_spike|large_range|large_single_move|loser|many_reversals|medium_range|multi_crossed_10|multi_crossed_20|multi_crossed_25|multi_crossed_30|multi_crossed_40|never_crossed_50|opponent_reilly_opelka|player_murphy_cassone|resolved_near_0|second_set_winner|set_1_tiebreaker|set_2_tiebreaker|set_3_no_tiebreaker|starting_bucket_30_39|starting_price_0030|third_set_loser|three_set_match|tiebreaker|underdog,3.5264,24.13,48,44.54,18,0,0,
2025-07-21T20:31:00+00:00,4.32,97.74,3_sets|crossed_10|crossed_20|crossed_25|crossed_30|crossed_40|downtrend_finish|ending_bucket_00_09|ending_price_0002|first_set_loser|high_volatility|highly_oscillating_shape|inverted_v_failed_spike|large_range|large_single_move|loser|many_reversals|medium_range|multi_crossed_10|multi_crossed_20|multi_crossed_25|multi_crossed_30|multi_crossed_40|never_crossed_50|opponent_reilly_opelka|player_murphy_cassone|resolved_near_0|second_set_winner|set_1_tiebreaker|set_2_tiebreaker|set_3_no_tiebreaker|starting_bucket_30_39|starting_price_0030|third_set_loser|three_set_match|tiebreaker|underdog,3.5264,24.13,48,44.54,18,0,0,
2025-07-21T20:32:00+00:00,6.09,96.24,3_sets|crossed_10|crossed_20|crossed_25|crossed_30|crossed_40|downtrend_finish|ending_bucket_00_09|ending_price_0002|first_set_loser|high_volatility|highly_oscillating_shape|inverted_v_failed_spike|large_range|large_single_move|loser|many_reversals|medium_range|multi_crossed_10|multi_crossed_20|multi_crossed_25|multi_crossed_30|multi_crossed_40|never_crossed_50|opponent_reilly_opelka|player_murphy_cassone|resolved_near_0|second_set_winner|set_1_tiebreaker|set_2_tiebreaker|set_3_no_tiebreaker|starting_bucket_30_39|starting_price_0030|third_set_loser|three_set_match|tiebreaker|underdog,3.5264,24.13,48,44.54,18,0,0,
2025-07-21T20:33:00+00:00,6.51,93.0,3_sets|crossed_10|crossed_20|crossed_25|crossed_30|crossed_40|downtrend_finish|ending_bucket_00_09|ending_price_0002|first_set_loser|high_volatility|highly_oscillating_shape|inverted_v_failed_spike|large_range|large_single_move|loser|many_reversals|medium_range|multi_crossed_10|multi_crossed_20|multi_crossed_25|multi_crossed_30|multi_crossed_40|never_crossed_50|opponent_reilly_opelka|player_murphy_cassone|resolved_near_0|second_set_winner|set_1_tiebreaker|set_2_tiebreaker|set_3_no_tiebreaker|starting_bucket_30_39|starting_price_0030|third_set_loser|three_set_match|tiebreaker|underdog,3.5264,24.13,48,44.54,18,0,0,
2025-07-21T20:34:00+00:00,11.36,89.8,3_sets|crossed_10|crossed_20|crossed_25|crossed_30|crossed_40|downtrend_finish|ending_bucket_00_09|ending_price_0002|first_set_loser|high_volatility|highly_oscillating_shape|inverted_v_failed_spike|large_range|large_single_move|loser|many_reversals|medium_range|multi_crossed_10|multi_crossed_20|multi_crossed_25|multi_crossed_30|multi_crossed_40|never_crossed_50|opponent_reilly_opelka|player_murphy_cassone|resolved_near_0|second_set_winner|set_1_tiebreaker|set_2_tiebreaker|set_3_no_tiebreaker|starting_bucket_30_39|starting_price_0030|third_set_loser|three_set_match|tiebreaker|underdog,3.5264,24.13,48,44.54,18,0,0,
2025-07-21T20:35:00+00:00,16.05,80.41,3_sets|crossed_10|crossed_20|crossed_25|crossed_30|crossed_40|downtrend_finish|ending_bucket_00_09|ending_price_0002|first_set_loser|high_volatility|highly_oscillating_shape|inverted_v_failed_spike|large_range|large_single_move|loser|many_reversals|medium_range|multi_crossed_10|multi_crossed_20|multi_crossed_25|multi_crossed_30|multi_crossed_40|never_crossed_50|opponent_reilly_opelka|player_murphy_cassone|resolved_near_0|second_set_winner|set_1_tiebreaker|set_2_tiebreaker|set_3_no_tiebreaker|starting_bucket_30_39|starting_price_0030|third_set_loser|three_set_match|tiebreaker|underdog,3.5264,24.13,48,44.54,18,0,0,
2025-07-21T20:36:00+00:00,20.54,80.32,3_sets|crossed_10|crossed_20|crossed_25|crossed_30|crossed_40|downtrend_finish|ending_bucket_00_09|ending_price_0002|first_set_loser|high_volatility|highly_oscillating_shape|inverted_v_failed_spike|large_range|large_single_move|loser|many_reversals|medium_range|multi_crossed_10|multi_crossed_20|multi_crossed_25|multi_crossed_30|multi_crossed_40|never_crossed_50|opponent_reilly_opelka|player_murphy_cassone|resolved_near_0|second_set_winner|set_1_tiebreaker|set_2_tiebreaker|set_3_no_tiebreaker|starting_bucket_30_39|starting_price_0030|third_set_loser|three_set_match|tiebreaker|underdog,3.5264,24.13,48,44.54,18,0,0,
2025-07-21T20:37:00+00:00,8.12,84.0,3_sets|crossed_10|crossed_20|crossed_25|crossed_30|crossed_40|downtrend_finish|ending_bucket_00_09|ending_price_0002|first_set_loser|high_volatility|highly_oscillating_shape|inverted_v_failed_spike|large_range|large_single_move|loser|many_reversals|medium_range|multi_crossed_10|multi_crossed_20|multi_crossed_25|multi_crossed_30|multi_crossed_40|never_crossed_50|opponent_reilly_opelka|player_murphy_cassone|resolved_near_0|second_set_winner|set_1_tiebreaker|set_2_tiebreaker|set_3_no_tiebreaker|starting_bucket_30_39|starting_price_0030|third_set_loser|three_set_match|tiebreaker|underdog,3.5264,24.13,48,44.54,18,0,0,
2025-07-21T20:38:00+00:00,22.75,80.0,3_sets|crossed_10|crossed_20|crossed_25|crossed_30|crossed_40|downtrend_finish|ending_bucket_00_09|ending_price_0002|first_set_loser|high_volatility|highly_oscillating_shape|inverted_v_failed_spike|large_range|large_single_move|loser|many_reversals|medium_range|multi_crossed_10|multi_crossed_20|multi_crossed_25|multi_crossed_30|multi_crossed_40|never_crossed_50|opponent_reilly_opelka|player_murphy_cassone|resolved_near_0|second_set_winner|set_1_tiebreaker|set_2_tiebreaker|set_3_no_tiebreaker|starting_bucket_30_39|starting_price_0030|third_set_loser|three_set_match|tiebreaker|underdog,3.5264,24.13,48,44.54,18,0,0,
2025-07-21T20:39:00+00:00,24.61,80.0,3_sets|crossed_10|crossed_20|crossed_25|crossed_30|crossed_40|downtrend_finish|ending_bucket_00_09|ending_price_0002|first_set_loser|high_volatility|highly_oscillating_shape|inverted_v_failed_spike|large_range|large_single_move|loser|many_reversals|medium_range|multi_crossed_10|multi_crossed_20|multi_crossed_25|multi_crossed_30|multi_crossed_40|never_crossed_50|opponent_reilly_opelka|player_murphy_cassone|resolved_near_0|second_set_winner|set_1_tiebreaker|set_2_tiebreaker|set_3_no_tiebreaker|starting_bucket_30_39|starting_price_0030|third_set_loser|three_set_match|tiebreaker|underdog,3.5264,24.13,48,44.54,18,0,0,
2025-07-21T20:40:00+00:00,24.61,81.24,3_sets|crossed_10|crossed_20|crossed_25|crossed_30|crossed_40|downtrend_finish|ending_bucket_00_09|ending_price_0002|first_set_loser|high_volatility|highly_oscillating_shape|inverted_v_failed_spike|large_range|large_single_move|loser|many_reversals|medium_range|multi_crossed_10|multi_crossed_20|multi_crossed_25|multi_crossed_30|multi_crossed_40|never_crossed_50|opponent_reilly_opelka|player_murphy_cassone|resolved_near_0|second_set_winner|set_1_tiebreaker|set_2_tiebreaker|set_3_no_tiebreaker|starting_bucket_30_39|starting_price_0030|third_set_loser|three_set_match|tiebreaker|underdog,3.5264,24.13,48,44.54,18,0,0,
2025-07-21T20:41:00+00:00,24.07,80.02,3_sets|crossed_10|crossed_20|crossed_25|crossed_30|crossed_40|downtrend_finish|ending_bucket_00_09|ending_price_0002|first_set_loser|high_volatility|highly_oscillating_shape|inverted_v_failed_spike|large_range|large_single_move|loser|many_reversals|medium_range|multi_crossed_10|multi_crossed_20|multi_crossed_25|multi_crossed_30|multi_crossed_40|never_crossed_50|opponent_reilly_opelka|player_murphy_cassone|resolved_near_0|second_set_winner|set_1_tiebreaker|set_2_tiebreaker|set_3_no_tiebreaker|starting_bucket_30_39|starting_price_0030|third_set_loser|three_set_match|tiebreaker|underdog,3.5264,24.13,48,44.54,18,0,0,
2025-07-21T20:43:00+00:00,20.69,80.7,3_sets|crossed_10|crossed_20|crossed_25|crossed_30|crossed_40|downtrend_finish|ending_bucket_00_09|ending_price_0002|first_set_loser|high_volatility|highly_oscillating_shape|inverted_v_failed_spike|large_range|large_single_move|loser|many_reversals|medium_range|multi_crossed_10|multi_crossed_20|multi_crossed_25|multi_crossed_30|multi_crossed_40|never_crossed_50|opponent_reilly_opelka|player_murphy_cassone|resolved_near_0|second_set_winner|set_1_tiebreaker|set_2_tiebreaker|set_3_no_tiebreaker|starting_bucket_30_39|starting_price_0030|third_set_loser|three_set_match|tiebreaker|underdog,3.5264,24.13,48,44.54,18,0,0,
2025-07-21T20:44:00+00:00,23.24,79.44,3_sets|crossed_10|crossed_20|crossed_25|crossed_30|crossed_40|downtrend_finish|ending_bucket_00_09|ending_price_0002|first_set_loser|high_volatility|highly_oscillating_shape|inverted_v_failed_spike|large_range|large_single_move|loser|many_reversals|medium_range|multi_crossed_10|multi_crossed_20|multi_crossed_25|multi_crossed_30|multi_crossed_40|never_crossed_50|opponent_reilly_opelka|player_murphy_cassone|resolved_near_0|second_set_winner|set_1_tiebreaker|set_2_tiebreaker|set_3_no_tiebreaker|starting_bucket_30_39|starting_price_0030|third_set_loser|three_set_match|tiebreaker|underdog,3.5264,24.13,48,44.54,18,0,0,
2025-07-21T20:45:00+00:00,23.52,77.47,3_sets|crossed_10|crossed_20|crossed_25|crossed_30|crossed_40|downtrend_finish|ending_bucket_00_09|ending_price_0002|first_set_loser|high_volatility|highly_oscillating_shape|inverted_v_failed_spike|large_range|large_single_move|loser|many_reversals|medium_range|multi_crossed_10|multi_crossed_20|multi_crossed_25|multi_crossed_30|multi_crossed_40|never_crossed_50|opponent_reilly_opelka|player_murphy_cassone|resolved_near_0|second_set_winner|set_1_tiebreaker|set_2_tiebreaker|set_3_no_tiebreaker|starting_bucket_30_39|starting_price_0030|third_set_loser|three_set_match|tiebreaker|underdog,3.5264,24.13,48,44.54,18,0,0,
2025-07-21T20:46:00+00:00,23.94,79.0,3_sets|crossed_10|crossed_20|crossed_25|crossed_30|crossed_40|downtrend_finish|ending_bucket_00_09|ending_price_0002|first_set_loser|high_volatility|highly_oscillating_shape|inverted_v_failed_spike|large_range|large_single_move|loser|many_reversals|medium_range|multi_crossed_10|multi_crossed_20|multi_crossed_25|multi_crossed_30|multi_crossed_40|never_crossed_50|opponent_reilly_opelka|player_murphy_cassone|resolved_near_0|second_set_winner|set_1_tiebreaker|set_2_tiebreaker|set_3_no_tiebreaker|starting_bucket_30_39|starting_price_0030|third_set_loser|three_set_match|tiebreaker|underdog,3.5264,24.13,48,44.54,18,0,0,
2025-07-21T20:47:00+00:00,20.7,80.0,3_sets|crossed_10|crossed_20|crossed_25|crossed_30|crossed_40|downtrend_finish|ending_bucket_00_09|ending_price_0002|first_set_loser|high_volatility|highly_oscillating_shape|inverted_v_failed_spike|large_range|large_single_move|loser|many_reversals|medium_range|multi_crossed_10|multi_crossed_20|multi_crossed_25|multi_crossed_30|multi_crossed_40|never_crossed_50|opponent_reilly_opelka|player_murphy_cassone|resolved_near_0|second_set_winner|set_1_tiebreaker|set_2_tiebreaker|set_3_no_tiebreaker|starting_bucket_30_39|starting_price_0030|third_set_loser|three_set_match|tiebreaker|underdog,3.5264,24.13,48,44.54,18,0,0,
2025-07-21T20:48:00+00:00,20.0,81.07,3_sets|crossed_10|crossed_20|crossed_25|crossed_30|crossed_40|downtrend_finish|ending_bucket_00_09|ending_price_0002|first_set_loser|high_volatility|highly_oscillating_shape|inverted_v_failed_spike|large_range|large_single_move|loser|many_reversals|medium_range|multi_crossed_10|multi_crossed_20|multi_crossed_25|multi_crossed_30|multi_crossed_40|never_crossed_50|opponent_reilly_opelka|player_murphy_cassone|resolved_near_0|second_set_winner|set_1_tiebreaker|set_2_tiebreaker|set_3_no_tiebreaker|starting_bucket_30_39|starting_price_0030|third_set_loser|three_set_match|tiebreaker|underdog,3.5264,24.13,48,44.54,18,0,0,
2025-07-21T20:49:00+00:00,27.93,81.07,3_sets|crossed_10|crossed_20|crossed_25|crossed_30|crossed_40|downtrend_finish|ending_bucket_00_09|ending_price_0002|first_set_loser|high_volatility|highly_oscillating_shape|inverted_v_failed_spike|large_range|large_single_move|loser|many_reversals|medium_range|multi_crossed_10|multi_crossed_20|multi_crossed_25|multi_crossed_30|multi_crossed_40|never_crossed_50|opponent_reilly_opelka|player_murphy_cassone|resolved_near_0|second_set_winner|set_1_tiebreaker|set_2_tiebreaker|set_3_no_tiebreaker|starting_bucket_30_39|starting_price_0030|third_set_loser|three_set_match|tiebreaker|underdog,3.5264,24.13,48,44.54,18,0,0,
2025-07-21T20:50:00+00:00,33.12,81.07,3_sets|crossed_10|crossed_20|crossed_25|crossed_30|crossed_40|downtrend_finish|ending_bucket_00_09|ending_price_0002|first_set_loser|high_volatility|highly_oscillating_shape|inverted_v_failed_spike|large_range|large_single_move|loser|many_reversals|medium_range|multi_crossed_10|multi_crossed_20|multi_crossed_25|multi_crossed_30|multi_crossed_40|never_crossed_50|opponent_reilly_opelka|player_murphy_cassone|resolved_near_0|second_set_winner|set_1_tiebreaker|set_2_tiebreaker|set_3_no_tiebreaker|starting_bucket_30_39|starting_price_0030|third_set_loser|three_set_match|tiebreaker|underdog,3.5264,24.13,48,44.54,18,0,0,
2025-07-21T20:51:00+00:00,36.28,78.3,3_sets|crossed_10|crossed_20|crossed_25|crossed_30|crossed_40|downtrend_finish|ending_bucket_00_09|ending_price_0002|first_set_loser|high_volatility|highly_oscillating_shape|inverted_v_failed_spike|large_range|large_single_move|loser|many_reversals|medium_range|multi_crossed_10|multi_crossed_20|multi_crossed_25|multi_crossed_30|multi_crossed_40|never_crossed_50|opponent_reilly_opelka|player_murphy_cassone|resolved_near_0|second_set_winner|set_1_tiebreaker|set_2_tiebreaker|set_3_no_tiebreaker|starting_bucket_30_39|starting_price_0030|third_set_loser|three_set_match|tiebreaker|underdog,3.5264,24.13,48,44.54,18,0,0,
2025-07-21T20:52:00+00:00,17.61,82.05,3_sets|crossed_10|crossed_20|crossed_25|crossed_30|crossed_40|downtrend_finish|ending_bucket_00_09|ending_price_0002|first_set_loser|high_volatility|highly_oscillating_shape|inverted_v_failed_spike|large_range|large_single_move|loser|many_reversals|medium_range|multi_crossed_10|multi_crossed_20|multi_crossed_25|multi_crossed_30|multi_crossed_40|never_crossed_50|opponent_reilly_opelka|player_murphy_cassone|resolved_near_0|second_set_winner|set_1_tiebreaker|set_2_tiebreaker|set_3_no_tiebreaker|starting_bucket_30_39|starting_price_0030|third_set_loser|three_set_match|tiebreaker|underdog,3.5264,24.13,48,44.54,18,0,0,
2025-07-21T20:53:00+00:00,20.0,84.69,3_sets|crossed_10|crossed_20|crossed_25|crossed_30|crossed_40|downtrend_finish|ending_bucket_00_09|ending_price_0002|first_set_loser|high_volatility|highly_oscillating_shape|inverted_v_failed_spike|large_range|large_single_move|loser|many_reversals|medium_range|multi_crossed_10|multi_crossed_20|multi_crossed_25|multi_crossed_30|multi_crossed_40|never_crossed_50|opponent_reilly_opelka|player_murphy_cassone|resolved_near_0|second_set_winner|set_1_tiebreaker|set_2_tiebreaker|set_3_no_tiebreaker|starting_bucket_30_39|starting_price_0030|third_set_loser|three_set_match|tiebreaker|underdog,3.5264,24.13,48,44.54,18,0,0,
2025-07-21T20:54:00+00:00,35.0,77.76,3_sets|crossed_10|crossed_20|crossed_25|crossed_30|crossed_40|downtrend_finish|ending_bucket_00_09|ending_price_0002|first_set_loser|high_volatility|highly_oscillating_shape|inverted_v_failed_spike|large_range|large_single_move|loser|many_reversals|medium_range|multi_crossed_10|multi_crossed_20|multi_crossed_25|multi_crossed_30|multi_crossed_40|never_crossed_50|opponent_reilly_opelka|player_murphy_cassone|resolved_near_0|second_set_winner|set_1_tiebreaker|set_2_tiebreaker|set_3_no_tiebreaker|starting_bucket_30_39|starting_price_0030|third_set_loser|three_set_match|tiebreaker|underdog,3.5264,24.13,48,44.54,18,0,0,
2025-07-21T20:55:00+00:00,22.49,56.81,3_sets|crossed_10|crossed_20|crossed_25|crossed_30|crossed_40|downtrend_finish|ending_bucket_00_09|ending_price_0002|first_set_loser|high_volatility|highly_oscillating_shape|inverted_v_failed_spike|large_range|large_single_move|loser|many_reversals|medium_range|multi_crossed_10|multi_crossed_20|multi_crossed_25|multi_crossed_30|multi_crossed_40|never_crossed_50|opponent_reilly_opelka|player_murphy_cassone|resolved_near_0|second_set_winner|set_1_tiebreaker|set_2_tiebreaker|set_3_no_tiebreaker|starting_bucket_30_39|starting_price_0030|third_set_loser|three_set_match|tiebreaker|underdog,3.5264,24.13,48,44.54,18,0,0,
2025-07-21T20:56:00+00:00,46.62,56.81,3_sets|crossed_10|crossed_20|crossed_25|crossed_30|crossed_40|downtrend_finish|ending_bucket_00_09|ending_price_0002|first_set_loser|high_volatility|highly_oscillating_shape|inverted_v_failed_spike|large_range|large_single_move|loser|many_reversals|medium_range|multi_crossed_10|multi_crossed_20|multi_crossed_25|multi_crossed_30|multi_crossed_40|never_crossed_50|opponent_reilly_opelka|player_murphy_cassone|resolved_near_0|second_set_winner|set_1_tiebreaker|set_2_tiebreaker|set_3_no_tiebreaker|starting_bucket_30_39|starting_price_0030|third_set_loser|three_set_match|tiebreaker|underdog,3.5264,24.13,48,44.54,18,0,0,
2025-07-21T20:57:00+00:00,46.0,64.23,3_sets|crossed_10|crossed_20|crossed_25|crossed_30|crossed_40|downtrend_finish|ending_bucket_00_09|ending_price_0002|first_set_loser|high_volatility|highly_oscillating_shape|inverted_v_failed_spike|large_range|large_single_move|loser|many_reversals|medium_range|multi_crossed_10|multi_crossed_20|multi_crossed_25|multi_crossed_30|multi_crossed_40|never_crossed_50|opponent_reilly_opelka|player_murphy_cassone|resolved_near_0|second_set_winner|set_1_tiebreaker|set_2_tiebreaker|set_3_no_tiebreaker|starting_bucket_30_39|starting_price_0030|third_set_loser|three_set_match|tiebreaker|underdog,3.5264,24.13,48,44.54,18,0,0,
2025-07-21T20:58:00+00:00,45.39,58.19,3_sets|crossed_10|crossed_20|crossed_25|crossed_30|crossed_40|downtrend_finish|ending_bucket_00_09|ending_price_0002|first_set_loser|high_volatility|highly_oscillating_shape|inverted_v_failed_spike|large_range|large_single_move|loser|many_reversals|medium_range|multi_crossed_10|multi_crossed_20|multi_crossed_25|multi_crossed_30|multi_crossed_40|never_crossed_50|opponent_reilly_opelka|player_murphy_cassone|resolved_near_0|second_set_winner|set_1_tiebreaker|set_2_tiebreaker|set_3_no_tiebreaker|starting_bucket_30_39|starting_price_0030|third_set_loser|three_set_match|tiebreaker|underdog,3.5264,24.13,48,44.54,18,0,0,
2025-07-21T20:59:00+00:00,40.0,59.11,3_sets|crossed_10|crossed_20|crossed_25|crossed_30|crossed_40|downtrend_finish|ending_bucket_00_09|ending_price_0002|first_set_loser|high_volatility|highly_oscillating_shape|inverted_v_failed_spike|large_range|large_single_move|loser|many_reversals|medium_range|multi_crossed_10|multi_crossed_20|multi_crossed_25|multi_crossed_30|multi_crossed_40|never_crossed_50|opponent_reilly_opelka|player_murphy_cassone|resolved_near_0|second_set_winner|set_1_tiebreaker|set_2_tiebreaker|set_3_no_tiebreaker|starting_bucket_30_39|starting_price_0030|third_set_loser|three_set_match|tiebreaker|underdog,3.5264,24.13,48,44.54,18,0,0,
2025-07-21T21:00:00+00:00,39.69,60.0,3_sets|crossed_10|crossed_20|crossed_25|crossed_30|crossed_40|downtrend_finish|ending_bucket_00_09|ending_price_0002|first_set_loser|high_volatility|highly_oscillating_shape|inverted_v_failed_spike|large_range|large_single_move|loser|many_reversals|medium_range|multi_crossed_10|multi_crossed_20|multi_crossed_25|multi_crossed_30|multi_crossed_40|never_crossed_50|opponent_reilly_opelka|player_murphy_cassone|resolved_near_0|second_set_winner|set_1_tiebreaker|set_2_tiebreaker|set_3_no_tiebreaker|starting_bucket_30_39|starting_price_0030|third_set_loser|three_set_match|tiebreaker|underdog,3.5264,24.13,48,44.54,18,0,0,
2025-07-21T21:01:00+00:00,39.54,61.65,3_sets|crossed_10|crossed_20|crossed_25|crossed_30|crossed_40|downtrend_finish|ending_bucket_00_09|ending_price_0002|first_set_loser|high_volatility|highly_oscillating_shape|inverted_v_failed_spike|large_range|large_single_move|loser|many_reversals|medium_range|multi_crossed_10|multi_crossed_20|multi_crossed_25|multi_crossed_30|multi_crossed_40|never_crossed_50|opponent_reilly_opelka|player_murphy_cassone|resolved_near_0|second_set_winner|set_1_tiebreaker|set_2_tiebreaker|set_3_no_tiebreaker|starting_bucket_30_39|starting_price_0030|third_set_loser|three_set_match|tiebreaker|underdog,3.5264,24.13,48,44.54,18,0,0,
2025-07-21T21:02:00+00:00,46.04,55.31,3_sets|crossed_10|crossed_20|crossed_25|crossed_30|crossed_40|downtrend_finish|ending_bucket_00_09|ending_price_0002|first_set_loser|high_volatility|highly_oscillating_shape|inverted_v_failed_spike|large_range|large_single_move|loser|many_reversals|medium_range|multi_crossed_10|multi_crossed_20|multi_crossed_25|multi_crossed_30|multi_crossed_40|never_crossed_50|opponent_reilly_opelka|player_murphy_cassone|resolved_near_0|second_set_winner|set_1_tiebreaker|set_2_tiebreaker|set_3_no_tiebreaker|starting_bucket_30_39|starting_price_0030|third_set_loser|three_set_match|tiebreaker|underdog,3.5264,24.13,48,44.54,18,0,0,
2025-07-21T21:03:00+00:00,43.6,54.84,3_sets|crossed_10|crossed_20|crossed_25|crossed_30|crossed_40|downtrend_finish|ending_bucket_00_09|ending_price_0002|first_set_loser|high_volatility|highly_oscillating_shape|inverted_v_failed_spike|large_range|large_single_move|loser|many_reversals|medium_range|multi_crossed_10|multi_crossed_20|multi_crossed_25|multi_crossed_30|multi_crossed_40|never_crossed_50|opponent_reilly_opelka|player_murphy_cassone|resolved_near_0|second_set_winner|set_1_tiebreaker|set_2_tiebreaker|set_3_no_tiebreaker|starting_bucket_30_39|starting_price_0030|third_set_loser|three_set_match|tiebreaker|underdog,3.5264,24.13,48,44.54,18,0,0,
2025-07-21T21:04:00+00:00,42.84,60.41,3_sets|crossed_10|crossed_20|crossed_25|crossed_30|crossed_40|downtrend_finish|ending_bucket_00_09|ending_price_0002|first_set_loser|high_volatility|highly_oscillating_shape|inverted_v_failed_spike|large_range|large_single_move|loser|many_reversals|medium_range|multi_crossed_10|multi_crossed_20|multi_crossed_25|multi_crossed_30|multi_crossed_40|never_crossed_50|opponent_reilly_opelka|player_murphy_cassone|resolved_near_0|second_set_winner|set_1_tiebreaker|set_2_tiebreaker|set_3_no_tiebreaker|starting_bucket_30_39|starting_price_0030|third_set_loser|three_set_match|tiebreaker|underdog,3.5264,24.13,48,44.54,18,0,0,
2025-07-21T21:05:00+00:00,41.0,60.0,3_sets|crossed_10|crossed_20|crossed_25|crossed_30|crossed_40|downtrend_finish|ending_bucket_00_09|ending_price_0002|first_set_loser|high_volatility|highly_oscillating_shape|inverted_v_failed_spike|large_range|large_single_move|loser|many_reversals|medium_range|multi_crossed_10|multi_crossed_20|multi_crossed_25|multi_crossed_30|multi_crossed_40|never_crossed_50|opponent_reilly_opelka|player_murphy_cassone|resolved_near_0|second_set_winner|set_1_tiebreaker|set_2_tiebreaker|set_3_no_tiebreaker|starting_bucket_30_39|starting_price_0030|third_set_loser|three_set_match|tiebreaker|underdog,3.5264,24.13,48,44.54,18,0,0,
2025-07-21T21:06:00+00:00,30.11,66.45,3_sets|crossed_10|crossed_20|crossed_25|crossed_30|crossed_40|downtrend_finish|ending_bucket_00_09|ending_price_0002|first_set_loser|high_volatility|highly_oscillating_shape|inverted_v_failed_spike|large_range|large_single_move|loser|many_reversals|medium_range|multi_crossed_10|multi_crossed_20|multi_crossed_25|multi_crossed_30|multi_crossed_40|never_crossed_50|opponent_reilly_opelka|player_murphy_cassone|resolved_near_0|second_set_winner|set_1_tiebreaker|set_2_tiebreaker|set_3_no_tiebreaker|starting_bucket_30_39|starting_price_0030|third_set_loser|three_set_match|tiebreaker|underdog,3.5264,24.13,48,44.54,18,0,0,
2025-07-21T21:07:00+00:00,18.82,77.53,3_sets|crossed_10|crossed_20|crossed_25|crossed_30|crossed_40|downtrend_finish|ending_bucket_00_09|ending_price_0002|first_set_loser|high_volatility|highly_oscillating_shape|inverted_v_failed_spike|large_range|large_single_move|loser|many_reversals|medium_range|multi_crossed_10|multi_crossed_20|multi_crossed_25|multi_crossed_30|multi_crossed_40|never_crossed_50|opponent_reilly_opelka|player_murphy_cassone|resolved_near_0|second_set_winner|set_1_tiebreaker|set_2_tiebreaker|set_3_no_tiebreaker|starting_bucket_30_39|starting_price_0030|third_set_loser|three_set_match|tiebreaker|underdog,3.5264,24.13,48,44.54,18,0,0,
2025-07-21T21:08:00+00:00,19.98,78.29,3_sets|crossed_10|crossed_20|crossed_25|crossed_30|crossed_40|downtrend_finish|ending_bucket_00_09|ending_price_0002|first_set_loser|high_volatility|highly_oscillating_shape|inverted_v_failed_spike|large_range|large_single_move|loser|many_reversals|medium_range|multi_crossed_10|multi_crossed_20|multi_crossed_25|multi_crossed_30|multi_crossed_40|never_crossed_50|opponent_reilly_opelka|player_murphy_cassone|resolved_near_0|second_set_winner|set_1_tiebreaker|set_2_tiebreaker|set_3_no_tiebreaker|starting_bucket_30_39|starting_price_0030|third_set_loser|three_set_match|tiebreaker|underdog,3.5264,24.13,48,44.54,18,0,0,
2025-07-21T21:09:00+00:00,11.13,89.67,3_sets|crossed_10|crossed_20|crossed_25|crossed_30|crossed_40|downtrend_finish|ending_bucket_00_09|ending_price_0002|first_set_loser|high_volatility|highly_oscillating_shape|inverted_v_failed_spike|large_range|large_single_move|loser|many_reversals|medium_range|multi_crossed_10|multi_crossed_20|multi_crossed_25|multi_crossed_30|multi_crossed_40|never_crossed_50|opponent_reilly_opelka|player_murphy_cassone|resolved_near_0|second_set_winner|set_1_tiebreaker|set_2_tiebreaker|set_3_no_tiebreaker|starting_bucket_30_39|starting_price_0030|third_set_loser|three_set_match|tiebreaker|underdog,3.5264,24.13,48,44.54,18,0,0,
2025-07-21T21:10:00+00:00,14.78,90.49,3_sets|crossed_10|crossed_20|crossed_25|crossed_30|crossed_40|downtrend_finish|ending_bucket_00_09|ending_price_0002|first_set_loser|high_volatility|highly_oscillating_shape|inverted_v_failed_spike|large_range|large_single_move|loser|many_reversals|medium_range|multi_crossed_10|multi_crossed_20|multi_crossed_25|multi_crossed_30|multi_crossed_40|never_crossed_50|opponent_reilly_opelka|player_murphy_cassone|resolved_near_0|second_set_winner|set_1_tiebreaker|set_2_tiebreaker|set_3_no_tiebreaker|starting_bucket_30_39|starting_price_0030|third_set_loser|three_set_match|tiebreaker|underdog,3.5264,24.13,48,44.54,18,0,0,
2025-07-21T21:11:00+00:00,25.41,92.71,3_sets|crossed_10|crossed_20|crossed_25|crossed_30|crossed_40|downtrend_finish|ending_bucket_00_09|ending_price_0002|first_set_loser|high_volatility|highly_oscillating_shape|inverted_v_failed_spike|large_range|large_single_move|loser|many_reversals|medium_range|multi_crossed_10|multi_crossed_20|multi_crossed_25|multi_crossed_30|multi_crossed_40|never_crossed_50|opponent_reilly_opelka|player_murphy_cassone|resolved_near_0|second_set_winner|set_1_tiebreaker|set_2_tiebreaker|set_3_no_tiebreaker|starting_bucket_30_39|starting_price_0030|third_set_loser|three_set_match|tiebreaker|underdog,3.5264,24.13,48,44.54,18,0,0,
2025-07-21T21:12:00+00:00,3.81,96.8,3_sets|crossed_10|crossed_20|crossed_25|crossed_30|crossed_40|downtrend_finish|ending_bucket_00_09|ending_price_0002|first_set_loser|high_volatility|highly_oscillating_shape|inverted_v_failed_spike|large_range|large_single_move|loser|many_reversals|medium_range|multi_crossed_10|multi_crossed_20|multi_crossed_25|multi_crossed_30|multi_crossed_40|never_crossed_50|opponent_reilly_opelka|player_murphy_cassone|resolved_near_0|second_set_winner|set_1_tiebreaker|set_2_tiebreaker|set_3_no_tiebreaker|starting_bucket_30_39|starting_price_0030|third_set_loser|three_set_match|tiebreaker|underdog,3.5264,24.13,48,44.54,18,0,0,
2025-07-21T21:13:00+00:00,10.58,93.63,3_sets|crossed_10|crossed_20|crossed_25|crossed_30|crossed_40|downtrend_finish|ending_bucket_00_09|ending_price_0002|first_set_loser|high_volatility|highly_oscillating_shape|inverted_v_failed_spike|large_range|large_single_move|loser|many_reversals|medium_range|multi_crossed_10|multi_crossed_20|multi_crossed_25|multi_crossed_30|multi_crossed_40|never_crossed_50|opponent_reilly_opelka|player_murphy_cassone|resolved_near_0|second_set_winner|set_1_tiebreaker|set_2_tiebreaker|set_3_no_tiebreaker|starting_bucket_30_39|starting_price_0030|third_set_loser|three_set_match|tiebreaker|underdog,3.5264,24.13,48,44.54,18,0,0,
2025-07-21T21:14:00+00:00,11.49,89.15,3_sets|crossed_10|crossed_20|crossed_25|crossed_30|crossed_40|downtrend_finish|ending_bucket_00_09|ending_price_0002|first_set_loser|high_volatility|highly_oscillating_shape|inverted_v_failed_spike|large_range|large_single_move|loser|many_reversals|medium_range|multi_crossed_10|multi_crossed_20|multi_crossed_25|multi_crossed_30|multi_crossed_40|never_crossed_50|opponent_reilly_opelka|player_murphy_cassone|resolved_near_0|second_set_winner|set_1_tiebreaker|set_2_tiebreaker|set_3_no_tiebreaker|starting_bucket_30_39|starting_price_0030|third_set_loser|three_set_match|tiebreaker|underdog,3.5264,24.13,48,44.54,18,0,0,
2025-07-21T21:15:00+00:00,10.56,90.02,3_sets|crossed_10|crossed_20|crossed_25|crossed_30|crossed_40|downtrend_finish|ending_bucket_00_09|ending_price_0002|first_set_loser|high_volatility|highly_oscillating_shape|inverted_v_failed_spike|large_range|large_single_move|loser|many_reversals|medium_range|multi_crossed_10|multi_crossed_20|multi_crossed_25|multi_crossed_30|multi_crossed_40|never_crossed_50|opponent_reilly_opelka|player_murphy_cassone|resolved_near_0|second_set_winner|set_1_tiebreaker|set_2_tiebreaker|set_3_no_tiebreaker|starting_bucket_30_39|starting_price_0030|third_set_loser|three_set_match|tiebreaker|underdog,3.5264,24.13,48,44.54,18,0,0,
2025-07-21T21:16:00+00:00,5.33,93.84,3_sets|crossed_10|crossed_20|crossed_25|crossed_30|crossed_40|downtrend_finish|ending_bucket_00_09|ending_price_0002|first_set_loser|high_volatility|highly_oscillating_shape|inverted_v_failed_spike|large_range|large_single_move|loser|many_reversals|medium_range|multi_crossed_10|multi_crossed_20|multi_crossed_25|multi_crossed_30|multi_crossed_40|never_crossed_50|opponent_reilly_opelka|player_murphy_cassone|resolved_near_0|second_set_winner|set_1_tiebreaker|set_2_tiebreaker|set_3_no_tiebreaker|starting_bucket_30_39|starting_price_0030|third_set_loser|three_set_match|tiebreaker|underdog,3.5264,24.13,48,44.54,18,0,0,
2025-07-21T21:17:00+00:00,6.31,95.0,3_sets|crossed_10|crossed_20|crossed_25|crossed_30|crossed_40|downtrend_finish|ending_bucket_00_09|ending_price_0002|first_set_loser|high_volatility|highly_oscillating_shape|inverted_v_failed_spike|large_range|large_single_move|loser|many_reversals|medium_range|multi_crossed_10|multi_crossed_20|multi_crossed_25|multi_crossed_30|multi_crossed_40|never_crossed_50|opponent_reilly_opelka|player_murphy_cassone|resolved_near_0|second_set_winner|set_1_tiebreaker|set_2_tiebreaker|set_3_no_tiebreaker|starting_bucket_30_39|starting_price_0030|third_set_loser|three_set_match|tiebreaker|underdog,3.5264,24.13,48,44.54,18,0,0,
2025-07-21T21:18:00+00:00,5.08,95.27,3_sets|crossed_10|crossed_20|crossed_25|crossed_30|crossed_40|downtrend_finish|ending_bucket_00_09|ending_price_0002|first_set_loser|high_volatility|highly_oscillating_shape|inverted_v_failed_spike|large_range|large_single_move|loser|many_reversals|medium_range|multi_crossed_10|multi_crossed_20|multi_crossed_25|multi_crossed_30|multi_crossed_40|never_crossed_50|opponent_reilly_opelka|player_murphy_cassone|resolved_near_0|second_set_winner|set_1_tiebreaker|set_2_tiebreaker|set_3_no_tiebreaker|starting_bucket_30_39|starting_price_0030|third_set_loser|three_set_match|tiebreaker|underdog,3.5264,24.13,48,44.54,18,0,0,
2025-07-21T21:19:00+00:00,5.0,94.28,3_sets|crossed_10|crossed_20|crossed_25|crossed_30|crossed_40|downtrend_finish|ending_bucket_00_09|ending_price_0002|first_set_loser|high_volatility|highly_oscillating_shape|inverted_v_failed_spike|large_range|large_single_move|loser|many_reversals|medium_range|multi_crossed_10|multi_crossed_20|multi_crossed_25|multi_crossed_30|multi_crossed_40|never_crossed_50|opponent_reilly_opelka|player_murphy_cassone|resolved_near_0|second_set_winner|set_1_tiebreaker|set_2_tiebreaker|set_3_no_tiebreaker|starting_bucket_30_39|starting_price_0030|third_set_loser|three_set_match|tiebreaker|underdog,3.5264,24.13,48,44.54,18,0,0,
2025-07-21T21:20:00+00:00,5.0,95.0,3_sets|crossed_10|crossed_20|crossed_25|crossed_30|crossed_40|downtrend_finish|ending_bucket_00_09|ending_price_0002|first_set_loser|high_volatility|highly_oscillating_shape|inverted_v_failed_spike|large_range|large_single_move|loser|many_reversals|medium_range|multi_crossed_10|multi_crossed_20|multi_crossed_25|multi_crossed_30|multi_crossed_40|never_crossed_50|opponent_reilly_opelka|player_murphy_cassone|resolved_near_0|second_set_winner|set_1_tiebreaker|set_2_tiebreaker|set_3_no_tiebreaker|starting_bucket_30_39|starting_price_0030|third_set_loser|three_set_match|tiebreaker|underdog,3.5264,24.13,48,44.54,18,0,0,
2025-07-21T21:21:00+00:00,6.08,96.76,3_sets|crossed_10|crossed_20|crossed_25|crossed_30|crossed_40|downtrend_finish|ending_bucket_00_09|ending_price_0002|first_set_loser|high_volatility|highly_oscillating_shape|inverted_v_failed_spike|large_range|large_single_move|loser|many_reversals|medium_range|multi_crossed_10|multi_crossed_20|multi_crossed_25|multi_crossed_30|multi_crossed_40|never_crossed_50|opponent_reilly_opelka|player_murphy_cassone|resolved_near_0|second_set_winner|set_1_tiebreaker|set_2_tiebreaker|set_3_no_tiebreaker|starting_bucket_30_39|starting_price_0030|third_set_loser|three_set_match|tiebreaker|underdog,3.5264,24.13,48,44.54,18,0,0,
2025-07-21T21:22:00+00:00,6.37,95.59,3_sets|crossed_10|crossed_20|crossed_25|crossed_30|crossed_40|downtrend_finish|ending_bucket_00_09|ending_price_0002|first_set_loser|high_volatility|highly_oscillating_shape|inverted_v_failed_spike|large_range|large_single_move|loser|many_reversals|medium_range|multi_crossed_10|multi_crossed_20|multi_crossed_25|multi_crossed_30|multi_crossed_40|never_crossed_50|opponent_reilly_opelka|player_murphy_cassone|resolved_near_0|second_set_winner|set_1_tiebreaker|set_2_tiebreaker|set_3_no_tiebreaker|starting_bucket_30_39|starting_price_0030|third_set_loser|three_set_match|tiebreaker|underdog,3.5264,24.13,48,44.54,18,0,0,
2025-07-21T21:23:00+00:00,6.88,98.82,3_sets|crossed_10|crossed_20|crossed_25|crossed_30|crossed_40|downtrend_finish|ending_bucket_00_09|ending_price_0002|first_set_loser|high_volatility|highly_oscillating_shape|inverted_v_failed_spike|large_range|large_single_move|loser|many_reversals|medium_range|multi_crossed_10|multi_crossed_20|multi_crossed_25|multi_crossed_30|multi_crossed_40|never_crossed_50|opponent_reilly_opelka|player_murphy_cassone|resolved_near_0|second_set_winner|set_1_tiebreaker|set_2_tiebreaker|set_3_no_tiebreaker|starting_bucket_30_39|starting_price_0030|third_set_loser|three_set_match|tiebreaker|underdog,3.5264,24.13,48,44.54,18,0,0,
2025-07-21T21:24:00+00:00,6.87,96.98,3_sets|crossed_10|crossed_20|crossed_25|crossed_30|crossed_40|downtrend_finish|ending_bucket_00_09|ending_price_0002|first_set_loser|high_volatility|highly_oscillating_shape|inverted_v_failed_spike|large_range|large_single_move|loser|many_reversals|medium_range|multi_crossed_10|multi_crossed_20|multi_crossed_25|multi_crossed_30|multi_crossed_40|never_crossed_50|opponent_reilly_opelka|player_murphy_cassone|resolved_near_0|second_set_winner|set_1_tiebreaker|set_2_tiebreaker|set_3_no_tiebreaker|starting_bucket_30_39|starting_price_0030|third_set_loser|three_set_match|tiebreaker|underdog,3.5264,24.13,48,44.54,18,0,0,
2025-07-21T21:25:00+00:00,5.07,97.61,3_sets|crossed_10|crossed_20|crossed_25|crossed_30|crossed_40|downtrend_finish|ending_bucket_00_09|ending_price_0002|first_set_loser|high_volatility|highly_oscillating_shape|inverted_v_failed_spike|large_range|large_single_move|loser|many_reversals|medium_range|multi_crossed_10|multi_crossed_20|multi_crossed_25|multi_crossed_30|multi_crossed_40|never_crossed_50|opponent_reilly_opelka|player_murphy_cassone|resolved_near_0|second_set_winner|set_1_tiebreaker|set_2_tiebreaker|set_3_no_tiebreaker|starting_bucket_30_39|starting_price_0030|third_set_loser|three_set_match|tiebreaker|underdog,3.5264,24.13,48,44.54,18,0,0,
2025-07-21T21:26:00+00:00,6.0,96.0,3_sets|crossed_10|crossed_20|crossed_25|crossed_30|crossed_40|downtrend_finish|ending_bucket_00_09|ending_price_0002|first_set_loser|high_volatility|highly_oscillating_shape|inverted_v_failed_spike|large_range|large_single_move|loser|many_reversals|medium_range|multi_crossed_10|multi_crossed_20|multi_crossed_25|multi_crossed_30|multi_crossed_40|never_crossed_50|opponent_reilly_opelka|player_murphy_cassone|resolved_near_0|second_set_winner|set_1_tiebreaker|set_2_tiebreaker|set_3_no_tiebreaker|starting_bucket_30_39|starting_price_0030|third_set_loser|three_set_match|tiebreaker|underdog,3.5264,24.13,48,44.54,18,0,0,
2025-07-21T21:27:00+00:00,3.88,97.5,3_sets|crossed_10|crossed_20|crossed_25|crossed_30|crossed_40|downtrend_finish|ending_bucket_00_09|ending_price_0002|first_set_loser|high_volatility|highly_oscillating_shape|inverted_v_failed_spike|large_range|large_single_move|loser|many_reversals|medium_range|multi_crossed_10|multi_crossed_20|multi_crossed_25|multi_crossed_30|multi_crossed_40|never_crossed_50|opponent_reilly_opelka|player_murphy_cassone|resolved_near_0|second_set_winner|set_1_tiebreaker|set_2_tiebreaker|set_3_no_tiebreaker|starting_bucket_30_39|starting_price_0030|third_set_loser|three_set_match|tiebreaker|underdog,3.5264,24.13,48,44.54,18,0,0,
2025-07-21T21:28:00+00:00,2.77,97.5,3_sets|crossed_10|crossed_20|crossed_25|crossed_30|crossed_40|downtrend_finish|ending_bucket_00_09|ending_price_0002|first_set_loser|high_volatility|highly_oscillating_shape|inverted_v_failed_spike|large_range|large_single_move|loser|many_reversals|medium_range|multi_crossed_10|multi_crossed_20|multi_crossed_25|multi_crossed_30|multi_crossed_40|never_crossed_50|opponent_reilly_opelka|player_murphy_cassone|resolved_near_0|second_set_winner|set_1_tiebreaker|set_2_tiebreaker|set_3_no_tiebreaker|starting_bucket_30_39|starting_price_0030|third_set_loser|three_set_match|tiebreaker|underdog,3.5264,24.13,48,44.54,18,0,0,
2025-07-21T21:29:00+00:00,2.96,98.6,3_sets|crossed_10|crossed_20|crossed_25|crossed_30|crossed_40|downtrend_finish|ending_bucket_00_09|ending_price_0002|first_set_loser|high_volatility|highly_oscillating_shape|inverted_v_failed_spike|large_range|large_single_move|loser|many_reversals|medium_range|multi_crossed_10|multi_crossed_20|multi_crossed_25|multi_crossed_30|multi_crossed_40|never_crossed_50|opponent_reilly_opelka|player_murphy_cassone|resolved_near_0|second_set_winner|set_1_tiebreaker|set_2_tiebreaker|set_3_no_tiebreaker|starting_bucket_30_39|starting_price_0030|third_set_loser|three_set_match|tiebreaker|underdog,3.5264,24.13,48,44.54,18,0,0,
2025-07-21T21:30:00+00:00,2.08,97.24,3_sets|crossed_10|crossed_20|crossed_25|crossed_30|crossed_40|downtrend_finish|ending_bucket_00_09|ending_price_0002|first_set_loser|high_volatility|highly_oscillating_shape|inverted_v_failed_spike|large_range|large_single_move|loser|many_reversals|medium_range|multi_crossed_10|multi_crossed_20|multi_crossed_25|multi_crossed_30|multi_crossed_40|never_crossed_50|opponent_reilly_opelka|player_murphy_cassone|resolved_near_0|second_set_winner|set_1_tiebreaker|set_2_tiebreaker|set_3_no_tiebreaker|starting_bucket_30_39|starting_price_0030|third_set_loser|three_set_match|tiebreaker|underdog,3.5264,24.13,48,44.54,18,0,0,
2025-07-21T21:31:00+00:00,2.08,99.0,3_sets|crossed_10|crossed_20|crossed_25|crossed_30|crossed_40|downtrend_finish|ending_bucket_00_09|ending_price_0002|first_set_loser|high_volatility|highly_oscillating_shape|inverted_v_failed_spike|large_range|large_single_move|loser|many_reversals|medium_range|multi_crossed_10|multi_crossed_20|multi_crossed_25|multi_crossed_30|multi_crossed_40|never_crossed_50|opponent_reilly_opelka|player_murphy_cassone|resolved_near_0|second_set_winner|set_1_tiebreaker|set_2_tiebreaker|set_3_no_tiebreaker|starting_bucket_30_39|starting_price_0030|third_set_loser|three_set_match|tiebreaker|underdog,3.5264,24.13,48,44.54,18,0,0,
