timestamp,player_price,opponent_price,tags,volatility_score,max_single_move,direction_flips,range_points,crossings_25,crossings_50,crossings_75,first_cross_50_pct
2025-10-22T02:06:00+00:00,59.84,43.0,2_sets|crossed_50|crossed_60|crossed_70|crossed_75|crossed_80|crossed_90|early_cross_50|ending_bucket_90_99|ending_price_0099|first_set_winner|highly_oscillating_shape|large_range|large_single_move|many_reversals|medium_volatility|multi_crossed_60|multi_crossed_70|multi_crossed_75|multi_crossed_80|opponent_alexei_popyrin|player_matteo_berrettini|resolved_near_100|second_set_winner|set_1_tiebreaker|set_2_no_tiebreaker|slight_favorite|starting_bucket_60_69|starting_price_0060|straight_sets|third_set_unknown|tiebreaker|uptrend_finish|winner,1.2912,20.3,38,52.74,0,2,3,0.0
2025-10-22T02:33:00+00:00,59.0,43.0,2_sets|crossed_50|crossed_60|crossed_70|crossed_75|crossed_80|crossed_90|early_cross_50|ending_bucket_90_99|ending_price_0099|first_set_winner|highly_oscillating_shape|large_range|large_single_move|many_reversals|medium_volatility|multi_crossed_60|multi_crossed_70|multi_crossed_75|multi_crossed_80|opponent_alexei_popyrin|player_matteo_berrettini|resolved_near_100|second_set_winner|set_1_tiebreaker|set_2_no_tiebreaker|slight_favorite|starting_bucket_60_69|starting_price_0060|straight_sets|third_set_unknown|tiebreaker|uptrend_finish|winner,1.2912,20.3,38,52.74,0,2,3,0.0
2025-10-22T02:35:00+00:00,59.0,43.0,2_sets|crossed_50|crossed_60|crossed_70|crossed_75|crossed_80|crossed_90|early_cross_50|ending_bucket_90_99|ending_price_0099|first_set_winner|highly_oscillating_shape|large_range|large_single_move|many_reversals|medium_volatility|multi_crossed_60|multi_crossed_70|multi_crossed_75|multi_crossed_80|opponent_alexei_popyrin|player_matteo_berrettini|resolved_near_100|second_set_winner|set_1_tiebreaker|set_2_no_tiebreaker|slight_favorite|starting_bucket_60_69|starting_price_0060|straight_sets|third_set_unknown|tiebreaker|uptrend_finish|winner,1.2912,20.3,38,52.74,0,2,3,0.0
2025-10-22T02:49:00+00:00,59.0,42.0,2_sets|crossed_50|crossed_60|crossed_70|crossed_75|crossed_80|crossed_90|early_cross_50|ending_bucket_90_99|ending_price_0099|first_set_winner|highly_oscillating_shape|large_range|large_single_move|many_reversals|medium_volatility|multi_crossed_60|multi_crossed_70|multi_crossed_75|multi_crossed_80|opponent_alexei_popyrin|player_matteo_berrettini|resolved_near_100|second_set_winner|set_1_tiebreaker|set_2_no_tiebreaker|slight_favorite|starting_bucket_60_69|starting_price_0060|straight_sets|third_set_unknown|tiebreaker|uptrend_finish|winner,1.2912,20.3,38,52.74,0,2,3,0.0
2025-10-22T02:59:00+00:00,59.0,42.0,2_sets|crossed_50|crossed_60|crossed_70|crossed_75|crossed_80|crossed_90|early_cross_50|ending_bucket_90_99|ending_price_0099|first_set_winner|highly_oscillating_shape|large_range|large_single_move|many_reversals|medium_volatility|multi_crossed_60|multi_crossed_70|multi_crossed_75|multi_crossed_80|opponent_alexei_popyrin|player_matteo_berrettini|resolved_near_100|second_set_winner|set_1_tiebreaker|set_2_no_tiebreaker|slight_favorite|starting_bucket_60_69|starting_price_0060|straight_sets|third_set_unknown|tiebreaker|uptrend_finish|winner,1.2912,20.3,38,52.74,0,2,3,0.0
2025-10-22T03:04:00+00:00,59.0,42.0,2_sets|crossed_50|crossed_60|crossed_70|crossed_75|crossed_80|crossed_90|early_cross_50|ending_bucket_90_99|ending_price_0099|first_set_winner|highly_oscillating_shape|large_range|large_single_move|many_reversals|medium_volatility|multi_crossed_60|multi_crossed_70|multi_crossed_75|multi_crossed_80|opponent_alexei_popyrin|player_matteo_berrettini|resolved_near_100|second_set_winner|set_1_tiebreaker|set_2_no_tiebreaker|slight_favorite|starting_bucket_60_69|starting_price_0060|straight_sets|third_set_unknown|tiebreaker|uptrend_finish|winner,1.2912,20.3,38,52.74,0,2,3,0.0
2025-10-22T03:08:00+00:00,59.0,42.0,2_sets|crossed_50|crossed_60|crossed_70|crossed_75|crossed_80|crossed_90|early_cross_50|ending_bucket_90_99|ending_price_0099|first_set_winner|highly_oscillating_shape|large_range|large_single_move|many_reversals|medium_volatility|multi_crossed_60|multi_crossed_70|multi_crossed_75|multi_crossed_80|opponent_alexei_popyrin|player_matteo_berrettini|resolved_near_100|second_set_winner|set_1_tiebreaker|set_2_no_tiebreaker|slight_favorite|starting_bucket_60_69|starting_price_0060|straight_sets|third_set_unknown|tiebreaker|uptrend_finish|winner,1.2912,20.3,38,52.74,0,2,3,0.0
2025-10-22T03:43:00+00:00,59.0,42.0,2_sets|crossed_50|crossed_60|crossed_70|crossed_75|crossed_80|crossed_90|early_cross_50|ending_bucket_90_99|ending_price_0099|first_set_winner|highly_oscillating_shape|large_range|large_single_move|many_reversals|medium_volatility|multi_crossed_60|multi_crossed_70|multi_crossed_75|multi_crossed_80|opponent_alexei_popyrin|player_matteo_berrettini|resolved_near_100|second_set_winner|set_1_tiebreaker|set_2_no_tiebreaker|slight_favorite|starting_bucket_60_69|starting_price_0060|straight_sets|third_set_unknown|tiebreaker|uptrend_finish|winner,1.2912,20.3,38,52.74,0,2,3,0.0
2025-10-22T03:44:00+00:00,59.0,42.0,2_sets|crossed_50|crossed_60|crossed_70|crossed_75|crossed_80|crossed_90|early_cross_50|ending_bucket_90_99|ending_price_0099|first_set_winner|highly_oscillating_shape|large_range|large_single_move|many_reversals|medium_volatility|multi_crossed_60|multi_crossed_70|multi_crossed_75|multi_crossed_80|opponent_alexei_popyrin|player_matteo_berrettini|resolved_near_100|second_set_winner|set_1_tiebreaker|set_2_no_tiebreaker|slight_favorite|starting_bucket_60_69|starting_price_0060|straight_sets|third_set_unknown|tiebreaker|uptrend_finish|winner,1.2912,20.3,38,52.74,0,2,3,0.0
2025-10-22T03:48:00+00:00,59.0,42.0,2_sets|crossed_50|crossed_60|crossed_70|crossed_75|crossed_80|crossed_90|early_cross_50|ending_bucket_90_99|ending_price_0099|first_set_winner|highly_oscillating_shape|large_range|large_single_move|many_reversals|medium_volatility|multi_crossed_60|multi_crossed_70|multi_crossed_75|multi_crossed_80|opponent_alexei_popyrin|player_matteo_berrettini|resolved_near_100|second_set_winner|set_1_tiebreaker|set_2_no_tiebreaker|slight_favorite|starting_bucket_60_69|starting_price_0060|straight_sets|third_set_unknown|tiebreaker|uptrend_finish|winner,1.2912,20.3,38,52.74,0,2,3,0.0
2025-10-22T03:58:00+00:00,59.0,42.0,2_sets|crossed_50|crossed_60|crossed_70|crossed_75|crossed_80|crossed_90|early_cross_50|ending_bucket_90_99|ending_price_0099|first_set_winner|highly_oscillating_shape|large_range|large_single_move|many_reversals|medium_volatility|multi_crossed_60|multi_crossed_70|multi_crossed_75|multi_crossed_80|opponent_alexei_popyrin|player_matteo_berrettini|resolved_near_100|second_set_winner|set_1_tiebreaker|set_2_no_tiebreaker|slight_favorite|starting_bucket_60_69|starting_price_0060|straight_sets|third_set_unknown|tiebreaker|uptrend_finish|winner,1.2912,20.3,38,52.74,0,2,3,0.0
2025-10-22T04:02:00+00:00,59.0,42.0,2_sets|crossed_50|crossed_60|crossed_70|crossed_75|crossed_80|crossed_90|early_cross_50|ending_bucket_90_99|ending_price_0099|first_set_winner|highly_oscillating_shape|large_range|large_single_move|many_reversals|medium_volatility|multi_crossed_60|multi_crossed_70|multi_crossed_75|multi_crossed_80|opponent_alexei_popyrin|player_matteo_berrettini|resolved_near_100|second_set_winner|set_1_tiebreaker|set_2_no_tiebreaker|slight_favorite|starting_bucket_60_69|starting_price_0060|straight_sets|third_set_unknown|tiebreaker|uptrend_finish|winner,1.2912,20.3,38,52.74,0,2,3,0.0
2025-10-22T04:12:00+00:00,59.0,42.0,2_sets|crossed_50|crossed_60|crossed_70|crossed_75|crossed_80|crossed_90|early_cross_50|ending_bucket_90_99|ending_price_0099|first_set_winner|highly_oscillating_shape|large_range|large_single_move|many_reversals|medium_volatility|multi_crossed_60|multi_crossed_70|multi_crossed_75|multi_crossed_80|opponent_alexei_popyrin|player_matteo_berrettini|resolved_near_100|second_set_winner|set_1_tiebreaker|set_2_no_tiebreaker|slight_favorite|starting_bucket_60_69|starting_price_0060|straight_sets|third_set_unknown|tiebreaker|uptrend_finish|winner,1.2912,20.3,38,52.74,0,2,3,0.0
2025-10-22T04:13:00+00:00,60.0,42.0,2_sets|crossed_50|crossed_60|crossed_70|crossed_75|crossed_80|crossed_90|early_cross_50|ending_bucket_90_99|ending_price_0099|first_set_winner|highly_oscillating_shape|large_range|large_single_move|many_reversals|medium_volatility|multi_crossed_60|multi_crossed_70|multi_crossed_75|multi_crossed_80|opponent_alexei_popyrin|player_matteo_berrettini|resolved_near_100|second_set_winner|set_1_tiebreaker|set_2_no_tiebreaker|slight_favorite|starting_bucket_60_69|starting_price_0060|straight_sets|third_set_unknown|tiebreaker|uptrend_finish|winner,1.2912,20.3,38,52.74,0,2,3,0.0
2025-10-22T04:16:00+00:00,60.0,42.0,2_sets|crossed_50|crossed_60|crossed_70|crossed_75|crossed_80|crossed_90|early_cross_50|ending_bucket_90_99|ending_price_0099|first_set_winner|highly_oscillating_shape|large_range|large_single_move|many_reversals|medium_volatility|multi_crossed_60|multi_crossed_70|multi_crossed_75|multi_crossed_80|opponent_alexei_popyrin|player_matteo_berrettini|resolved_near_100|second_set_winner|set_1_tiebreaker|set_2_no_tiebreaker|slight_favorite|starting_bucket_60_69|starting_price_0060|straight_sets|third_set_unknown|tiebreaker|uptrend_finish|winner,1.2912,20.3,38,52.74,0,2,3,0.0
2025-10-22T04:34:00+00:00,60.0,42.0,2_sets|crossed_50|crossed_60|crossed_70|crossed_75|crossed_80|crossed_90|early_cross_50|ending_bucket_90_99|ending_price_0099|first_set_winner|highly_oscillating_shape|large_range|large_single_move|many_reversals|medium_volatility|multi_crossed_60|multi_crossed_70|multi_crossed_75|multi_crossed_80|opponent_alexei_popyrin|player_matteo_berrettini|resolved_near_100|second_set_winner|set_1_tiebreaker|set_2_no_tiebreaker|slight_favorite|starting_bucket_60_69|starting_price_0060|straight_sets|third_set_unknown|tiebreaker|uptrend_finish|winner,1.2912,20.3,38,52.74,0,2,3,0.0
2025-10-22T04:49:00+00:00,60.0,41.0,2_sets|crossed_50|crossed_60|crossed_70|crossed_75|crossed_80|crossed_90|early_cross_50|ending_bucket_90_99|ending_price_0099|first_set_winner|highly_oscillating_shape|large_range|large_single_move|many_reversals|medium_volatility|multi_crossed_60|multi_crossed_70|multi_crossed_75|multi_crossed_80|opponent_alexei_popyrin|player_matteo_berrettini|resolved_near_100|second_set_winner|set_1_tiebreaker|set_2_no_tiebreaker|slight_favorite|starting_bucket_60_69|starting_price_0060|straight_sets|third_set_unknown|tiebreaker|uptrend_finish|winner,1.2912,20.3,38,52.74,0,2,3,0.0
2025-10-22T04:54:00+00:00,60.0,41.0,2_sets|crossed_50|crossed_60|crossed_70|crossed_75|crossed_80|crossed_90|early_cross_50|ending_bucket_90_99|ending_price_0099|first_set_winner|highly_oscillating_shape|large_range|large_single_move|many_reversals|medium_volatility|multi_crossed_60|multi_crossed_70|multi_crossed_75|multi_crossed_80|opponent_alexei_popyrin|player_matteo_berrettini|resolved_near_100|second_set_winner|set_1_tiebreaker|set_2_no_tiebreaker|slight_favorite|starting_bucket_60_69|starting_price_0060|straight_sets|third_set_unknown|tiebreaker|uptrend_finish|winner,1.2912,20.3,38,52.74,0,2,3,0.0
2025-10-22T05:00:00+00:00,59.03,41.0,2_sets|crossed_50|crossed_60|crossed_70|crossed_75|crossed_80|crossed_90|early_cross_50|ending_bucket_90_99|ending_price_0099|first_set_winner|highly_oscillating_shape|large_range|large_single_move|many_reversals|medium_volatility|multi_crossed_60|multi_crossed_70|multi_crossed_75|multi_crossed_80|opponent_alexei_popyrin|player_matteo_berrettini|resolved_near_100|second_set_winner|set_1_tiebreaker|set_2_no_tiebreaker|slight_favorite|starting_bucket_60_69|starting_price_0060|straight_sets|third_set_unknown|tiebreaker|uptrend_finish|winner,1.2912,20.3,38,52.74,0,2,3,0.0
2025-10-22T05:08:00+00:00,60.0,41.0,2_sets|crossed_50|crossed_60|crossed_70|crossed_75|crossed_80|crossed_90|early_cross_50|ending_bucket_90_99|ending_price_0099|first_set_winner|highly_oscillating_shape|large_range|large_single_move|many_reversals|medium_volatility|multi_crossed_60|multi_crossed_70|multi_crossed_75|multi_crossed_80|opponent_alexei_popyrin|player_matteo_berrettini|resolved_near_100|second_set_winner|set_1_tiebreaker|set_2_no_tiebreaker|slight_favorite|starting_bucket_60_69|starting_price_0060|straight_sets|third_set_unknown|tiebreaker|uptrend_finish|winner,1.2912,20.3,38,52.74,0,2,3,0.0
2025-10-22T05:16:00+00:00,59.0,42.0,2_sets|crossed_50|crossed_60|crossed_70|crossed_75|crossed_80|crossed_90|early_cross_50|ending_bucket_90_99|ending_price_0099|first_set_winner|highly_oscillating_shape|large_range|large_single_move|many_reversals|medium_volatility|multi_crossed_60|multi_crossed_70|multi_crossed_75|multi_crossed_80|opponent_alexei_popyrin|player_matteo_berrettini|resolved_near_100|second_set_winner|set_1_tiebreaker|set_2_no_tiebreaker|slight_favorite|starting_bucket_60_69|starting_price_0060|straight_sets|third_set_unknown|tiebreaker|uptrend_finish|winner,1.2912,20.3,38,52.74,0,2,3,0.0
2025-10-22T05:23:00+00:00,59.0,42.0,2_sets|crossed_50|crossed_60|crossed_70|crossed_75|crossed_80|crossed_90|early_cross_50|ending_bucket_90_99|ending_price_0099|first_set_winner|highly_oscillating_shape|large_range|large_single_move|many_reversals|medium_volatility|multi_crossed_60|multi_crossed_70|multi_crossed_75|multi_crossed_80|opponent_alexei_popyrin|player_matteo_berrettini|resolved_near_100|second_set_winner|set_1_tiebreaker|set_2_no_tiebreaker|slight_favorite|starting_bucket_60_69|starting_price_0060|straight_sets|third_set_unknown|tiebreaker|uptrend_finish|winner,1.2912,20.3,38,52.74,0,2,3,0.0
2025-10-22T05:29:00+00:00,59.0,42.0,2_sets|crossed_50|crossed_60|crossed_70|crossed_75|crossed_80|crossed_90|early_cross_50|ending_bucket_90_99|ending_price_0099|first_set_winner|highly_oscillating_shape|large_range|large_single_move|many_reversals|medium_volatility|multi_crossed_60|multi_crossed_70|multi_crossed_75|multi_crossed_80|opponent_alexei_popyrin|player_matteo_berrettini|resolved_near_100|second_set_winner|set_1_tiebreaker|set_2_no_tiebreaker|slight_favorite|starting_bucket_60_69|starting_price_0060|straight_sets|third_set_unknown|tiebreaker|uptrend_finish|winner,1.2912,20.3,38,52.74,0,2,3,0.0
2025-10-22T05:30:00+00:00,59.0,42.0,2_sets|crossed_50|crossed_60|crossed_70|crossed_75|crossed_80|crossed_90|early_cross_50|ending_bucket_90_99|ending_price_0099|first_set_winner|highly_oscillating_shape|large_range|large_single_move|many_reversals|medium_volatility|multi_crossed_60|multi_crossed_70|multi_crossed_75|multi_crossed_80|opponent_alexei_popyrin|player_matteo_berrettini|resolved_near_100|second_set_winner|set_1_tiebreaker|set_2_no_tiebreaker|slight_favorite|starting_bucket_60_69|starting_price_0060|straight_sets|third_set_unknown|tiebreaker|uptrend_finish|winner,1.2912,20.3,38,52.74,0,2,3,0.0
2025-10-22T05:34:00+00:00,59.0,42.0,2_sets|crossed_50|crossed_60|crossed_70|crossed_75|crossed_80|crossed_90|early_cross_50|ending_bucket_90_99|ending_price_0099|first_set_winner|highly_oscillating_shape|large_range|large_single_move|many_reversals|medium_volatility|multi_crossed_60|multi_crossed_70|multi_crossed_75|multi_crossed_80|opponent_alexei_popyrin|player_matteo_berrettini|resolved_near_100|second_set_winner|set_1_tiebreaker|set_2_no_tiebreaker|slight_favorite|starting_bucket_60_69|starting_price_0060|straight_sets|third_set_unknown|tiebreaker|uptrend_finish|winner,1.2912,20.3,38,52.74,0,2,3,0.0
2025-10-22T05:37:00+00:00,59.0,42.0,2_sets|crossed_50|crossed_60|crossed_70|crossed_75|crossed_80|crossed_90|early_cross_50|ending_bucket_90_99|ending_price_0099|first_set_winner|highly_oscillating_shape|large_range|large_single_move|many_reversals|medium_volatility|multi_crossed_60|multi_crossed_70|multi_crossed_75|multi_crossed_80|opponent_alexei_popyrin|player_matteo_berrettini|resolved_near_100|second_set_winner|set_1_tiebreaker|set_2_no_tiebreaker|slight_favorite|starting_bucket_60_69|starting_price_0060|straight_sets|third_set_unknown|tiebreaker|uptrend_finish|winner,1.2912,20.3,38,52.74,0,2,3,0.0
2025-10-22T05:40:00+00:00,59.0,42.0,2_sets|crossed_50|crossed_60|crossed_70|crossed_75|crossed_80|crossed_90|early_cross_50|ending_bucket_90_99|ending_price_0099|first_set_winner|highly_oscillating_shape|large_range|large_single_move|many_reversals|medium_volatility|multi_crossed_60|multi_crossed_70|multi_crossed_75|multi_crossed_80|opponent_alexei_popyrin|player_matteo_berrettini|resolved_near_100|second_set_winner|set_1_tiebreaker|set_2_no_tiebreaker|slight_favorite|starting_bucket_60_69|starting_price_0060|straight_sets|third_set_unknown|tiebreaker|uptrend_finish|winner,1.2912,20.3,38,52.74,0,2,3,0.0
2025-10-22T05:41:00+00:00,59.0,42.0,2_sets|crossed_50|crossed_60|crossed_70|crossed_75|crossed_80|crossed_90|early_cross_50|ending_bucket_90_99|ending_price_0099|first_set_winner|highly_oscillating_shape|large_range|large_single_move|many_reversals|medium_volatility|multi_crossed_60|multi_crossed_70|multi_crossed_75|multi_crossed_80|opponent_alexei_popyrin|player_matteo_berrettini|resolved_near_100|second_set_winner|set_1_tiebreaker|set_2_no_tiebreaker|slight_favorite|starting_bucket_60_69|starting_price_0060|straight_sets|third_set_unknown|tiebreaker|uptrend_finish|winner,1.2912,20.3,38,52.74,0,2,3,0.0
2025-10-22T05:47:00+00:00,59.0,42.0,2_sets|crossed_50|crossed_60|crossed_70|crossed_75|crossed_80|crossed_90|early_cross_50|ending_bucket_90_99|ending_price_0099|first_set_winner|highly_oscillating_shape|large_range|large_single_move|many_reversals|medium_volatility|multi_crossed_60|multi_crossed_70|multi_crossed_75|multi_crossed_80|opponent_alexei_popyrin|player_matteo_berrettini|resolved_near_100|second_set_winner|set_1_tiebreaker|set_2_no_tiebreaker|slight_favorite|starting_bucket_60_69|starting_price_0060|straight_sets|third_set_unknown|tiebreaker|uptrend_finish|winner,1.2912,20.3,38,52.74,0,2,3,0.0
2025-10-22T05:52:00+00:00,59.0,42.0,2_sets|crossed_50|crossed_60|crossed_70|crossed_75|crossed_80|crossed_90|early_cross_50|ending_bucket_90_99|ending_price_0099|first_set_winner|highly_oscillating_shape|large_range|large_single_move|many_reversals|medium_volatility|multi_crossed_60|multi_crossed_70|multi_crossed_75|multi_crossed_80|opponent_alexei_popyrin|player_matteo_berrettini|resolved_near_100|second_set_winner|set_1_tiebreaker|set_2_no_tiebreaker|slight_favorite|starting_bucket_60_69|starting_price_0060|straight_sets|third_set_unknown|tiebreaker|uptrend_finish|winner,1.2912,20.3,38,52.74,0,2,3,0.0
2025-10-22T05:59:00+00:00,59.0,42.0,2_sets|crossed_50|crossed_60|crossed_70|crossed_75|crossed_80|crossed_90|early_cross_50|ending_bucket_90_99|ending_price_0099|first_set_winner|highly_oscillating_shape|large_range|large_single_move|many_reversals|medium_volatility|multi_crossed_60|multi_crossed_70|multi_crossed_75|multi_crossed_80|opponent_alexei_popyrin|player_matteo_berrettini|resolved_near_100|second_set_winner|set_1_tiebreaker|set_2_no_tiebreaker|slight_favorite|starting_bucket_60_69|starting_price_0060|straight_sets|third_set_unknown|tiebreaker|uptrend_finish|winner,1.2912,20.3,38,52.74,0,2,3,0.0
2025-10-22T06:09:00+00:00,59.0,42.0,2_sets|crossed_50|crossed_60|crossed_70|crossed_75|crossed_80|crossed_90|early_cross_50|ending_bucket_90_99|ending_price_0099|first_set_winner|highly_oscillating_shape|large_range|large_single_move|many_reversals|medium_volatility|multi_crossed_60|multi_crossed_70|multi_crossed_75|multi_crossed_80|opponent_alexei_popyrin|player_matteo_berrettini|resolved_near_100|second_set_winner|set_1_tiebreaker|set_2_no_tiebreaker|slight_favorite|starting_bucket_60_69|starting_price_0060|straight_sets|third_set_unknown|tiebreaker|uptrend_finish|winner,1.2912,20.3,38,52.74,0,2,3,0.0
2025-10-22T06:16:00+00:00,59.0,42.0,2_sets|crossed_50|crossed_60|crossed_70|crossed_75|crossed_80|crossed_90|early_cross_50|ending_bucket_90_99|ending_price_0099|first_set_winner|highly_oscillating_shape|large_range|large_single_move|many_reversals|medium_volatility|multi_crossed_60|multi_crossed_70|multi_crossed_75|multi_crossed_80|opponent_alexei_popyrin|player_matteo_berrettini|resolved_near_100|second_set_winner|set_1_tiebreaker|set_2_no_tiebreaker|slight_favorite|starting_bucket_60_69|starting_price_0060|straight_sets|third_set_unknown|tiebreaker|uptrend_finish|winner,1.2912,20.3,38,52.74,0,2,3,0.0
2025-10-22T06:31:00+00:00,59.0,42.0,2_sets|crossed_50|crossed_60|crossed_70|crossed_75|crossed_80|crossed_90|early_cross_50|ending_bucket_90_99|ending_price_0099|first_set_winner|highly_oscillating_shape|large_range|large_single_move|many_reversals|medium_volatility|multi_crossed_60|multi_crossed_70|multi_crossed_75|multi_crossed_80|opponent_alexei_popyrin|player_matteo_berrettini|resolved_near_100|second_set_winner|set_1_tiebreaker|set_2_no_tiebreaker|slight_favorite|starting_bucket_60_69|starting_price_0060|straight_sets|third_set_unknown|tiebreaker|uptrend_finish|winner,1.2912,20.3,38,52.74,0,2,3,0.0
2025-10-22T06:37:00+00:00,59.0,42.0,2_sets|crossed_50|crossed_60|crossed_70|crossed_75|crossed_80|crossed_90|early_cross_50|ending_bucket_90_99|ending_price_0099|first_set_winner|highly_oscillating_shape|large_range|large_single_move|many_reversals|medium_volatility|multi_crossed_60|multi_crossed_70|multi_crossed_75|multi_crossed_80|opponent_alexei_popyrin|player_matteo_berrettini|resolved_near_100|second_set_winner|set_1_tiebreaker|set_2_no_tiebreaker|slight_favorite|starting_bucket_60_69|starting_price_0060|straight_sets|third_set_unknown|tiebreaker|uptrend_finish|winner,1.2912,20.3,38,52.74,0,2,3,0.0
2025-10-22T06:42:00+00:00,59.0,42.0,2_sets|crossed_50|crossed_60|crossed_70|crossed_75|crossed_80|crossed_90|early_cross_50|ending_bucket_90_99|ending_price_0099|first_set_winner|highly_oscillating_shape|large_range|large_single_move|many_reversals|medium_volatility|multi_crossed_60|multi_crossed_70|multi_crossed_75|multi_crossed_80|opponent_alexei_popyrin|player_matteo_berrettini|resolved_near_100|second_set_winner|set_1_tiebreaker|set_2_no_tiebreaker|slight_favorite|starting_bucket_60_69|starting_price_0060|straight_sets|third_set_unknown|tiebreaker|uptrend_finish|winner,1.2912,20.3,38,52.74,0,2,3,0.0
2025-10-22T06:56:00+00:00,58.0,42.0,2_sets|crossed_50|crossed_60|crossed_70|crossed_75|crossed_80|crossed_90|early_cross_50|ending_bucket_90_99|ending_price_0099|first_set_winner|highly_oscillating_shape|large_range|large_single_move|many_reversals|medium_volatility|multi_crossed_60|multi_crossed_70|multi_crossed_75|multi_crossed_80|opponent_alexei_popyrin|player_matteo_berrettini|resolved_near_100|second_set_winner|set_1_tiebreaker|set_2_no_tiebreaker|slight_favorite|starting_bucket_60_69|starting_price_0060|straight_sets|third_set_unknown|tiebreaker|uptrend_finish|winner,1.2912,20.3,38,52.74,0,2,3,0.0
2025-10-22T07:04:00+00:00,58.0,42.0,2_sets|crossed_50|crossed_60|crossed_70|crossed_75|crossed_80|crossed_90|early_cross_50|ending_bucket_90_99|ending_price_0099|first_set_winner|highly_oscillating_shape|large_range|large_single_move|many_reversals|medium_volatility|multi_crossed_60|multi_crossed_70|multi_crossed_75|multi_crossed_80|opponent_alexei_popyrin|player_matteo_berrettini|resolved_near_100|second_set_winner|set_1_tiebreaker|set_2_no_tiebreaker|slight_favorite|starting_bucket_60_69|starting_price_0060|straight_sets|third_set_unknown|tiebreaker|uptrend_finish|winner,1.2912,20.3,38,52.74,0,2,3,0.0
2025-10-22T07:06:00+00:00,59.0,42.0,2_sets|crossed_50|crossed_60|crossed_70|crossed_75|crossed_80|crossed_90|early_cross_50|ending_bucket_90_99|ending_price_0099|first_set_winner|highly_oscillating_shape|large_range|large_single_move|many_reversals|medium_volatility|multi_crossed_60|multi_crossed_70|multi_crossed_75|multi_crossed_80|opponent_alexei_popyrin|player_matteo_berrettini|resolved_near_100|second_set_winner|set_1_tiebreaker|set_2_no_tiebreaker|slight_favorite|starting_bucket_60_69|starting_price_0060|straight_sets|third_set_unknown|tiebreaker|uptrend_finish|winner,1.2912,20.3,38,52.74,0,2,3,0.0
2025-10-22T07:09:00+00:00,59.0,42.0,2_sets|crossed_50|crossed_60|crossed_70|crossed_75|crossed_80|crossed_90|early_cross_50|ending_bucket_90_99|ending_price_0099|first_set_winner|highly_oscillating_shape|large_range|large_single_move|many_reversals|medium_volatility|multi_crossed_60|multi_crossed_70|multi_crossed_75|multi_crossed_80|opponent_alexei_popyrin|player_matteo_berrettini|resolved_near_100|second_set_winner|set_1_tiebreaker|set_2_no_tiebreaker|slight_favorite|starting_bucket_60_69|starting_price_0060|straight_sets|third_set_unknown|tiebreaker|uptrend_finish|winner,1.2912,20.3,38,52.74,0,2,3,0.0
2025-10-22T07:13:00+00:00,59.75,42.0,2_sets|crossed_50|crossed_60|crossed_70|crossed_75|crossed_80|crossed_90|early_cross_50|ending_bucket_90_99|ending_price_0099|first_set_winner|highly_oscillating_shape|large_range|large_single_move|many_reversals|medium_volatility|multi_crossed_60|multi_crossed_70|multi_crossed_75|multi_crossed_80|opponent_alexei_popyrin|player_matteo_berrettini|resolved_near_100|second_set_winner|set_1_tiebreaker|set_2_no_tiebreaker|slight_favorite|starting_bucket_60_69|starting_price_0060|straight_sets|third_set_unknown|tiebreaker|uptrend_finish|winner,1.2912,20.3,38,52.74,0,2,3,0.0
2025-10-22T07:20:00+00:00,60.0,42.0,2_sets|crossed_50|crossed_60|crossed_70|crossed_75|crossed_80|crossed_90|early_cross_50|ending_bucket_90_99|ending_price_0099|first_set_winner|highly_oscillating_shape|large_range|large_single_move|many_reversals|medium_volatility|multi_crossed_60|multi_crossed_70|multi_crossed_75|multi_crossed_80|opponent_alexei_popyrin|player_matteo_berrettini|resolved_near_100|second_set_winner|set_1_tiebreaker|set_2_no_tiebreaker|slight_favorite|starting_bucket_60_69|starting_price_0060|straight_sets|third_set_unknown|tiebreaker|uptrend_finish|winner,1.2912,20.3,38,52.74,0,2,3,0.0
2025-10-22T07:22:00+00:00,60.0,42.0,2_sets|crossed_50|crossed_60|crossed_70|crossed_75|crossed_80|crossed_90|early_cross_50|ending_bucket_90_99|ending_price_0099|first_set_winner|highly_oscillating_shape|large_range|large_single_move|many_reversals|medium_volatility|multi_crossed_60|multi_crossed_70|multi_crossed_75|multi_crossed_80|opponent_alexei_popyrin|player_matteo_berrettini|resolved_near_100|second_set_winner|set_1_tiebreaker|set_2_no_tiebreaker|slight_favorite|starting_bucket_60_69|starting_price_0060|straight_sets|third_set_unknown|tiebreaker|uptrend_finish|winner,1.2912,20.3,38,52.74,0,2,3,0.0
2025-10-22T07:49:00+00:00,60.0,42.0,2_sets|crossed_50|crossed_60|crossed_70|crossed_75|crossed_80|crossed_90|early_cross_50|ending_bucket_90_99|ending_price_0099|first_set_winner|highly_oscillating_shape|large_range|large_single_move|many_reversals|medium_volatility|multi_crossed_60|multi_crossed_70|multi_crossed_75|multi_crossed_80|opponent_alexei_popyrin|player_matteo_berrettini|resolved_near_100|second_set_winner|set_1_tiebreaker|set_2_no_tiebreaker|slight_favorite|starting_bucket_60_69|starting_price_0060|straight_sets|third_set_unknown|tiebreaker|uptrend_finish|winner,1.2912,20.3,38,52.74,0,2,3,0.0
2025-10-22T07:58:00+00:00,60.0,42.0,2_sets|crossed_50|crossed_60|crossed_70|crossed_75|crossed_80|crossed_90|early_cross_50|ending_bucket_90_99|ending_price_0099|first_set_winner|highly_oscillating_shape|large_range|large_single_move|many_reversals|medium_volatility|multi_crossed_60|multi_crossed_70|multi_crossed_75|multi_crossed_80|opponent_alexei_popyrin|player_matteo_berrettini|resolved_near_100|second_set_winner|set_1_tiebreaker|set_2_no_tiebreaker|slight_favorite|starting_bucket_60_69|starting_price_0060|straight_sets|third_set_unknown|tiebreaker|uptrend_finish|winner,1.2912,20.3,38,52.74,0,2,3,0.0
2025-10-22T07:59:00+00:00,60.0,42.0,2_sets|crossed_50|crossed_60|crossed_70|crossed_75|crossed_80|crossed_90|early_cross_50|ending_bucket_90_99|ending_price_0099|first_set_winner|highly_oscillating_shape|large_range|large_single_move|many_reversals|medium_volatility|multi_crossed_60|multi_crossed_70|multi_crossed_75|multi_crossed_80|opponent_alexei_popyrin|player_matteo_berrettini|resolved_near_100|second_set_winner|set_1_tiebreaker|set_2_no_tiebreaker|slight_favorite|starting_bucket_60_69|starting_price_0060|straight_sets|third_set_unknown|tiebreaker|uptrend_finish|winner,1.2912,20.3,38,52.74,0,2,3,0.0
2025-10-22T08:00:00+00:00,60.0,42.0,2_sets|crossed_50|crossed_60|crossed_70|crossed_75|crossed_80|crossed_90|early_cross_50|ending_bucket_90_99|ending_price_0099|first_set_winner|highly_oscillating_shape|large_range|large_single_move|many_reversals|medium_volatility|multi_crossed_60|multi_crossed_70|multi_crossed_75|multi_crossed_80|opponent_alexei_popyrin|player_matteo_berrettini|resolved_near_100|second_set_winner|set_1_tiebreaker|set_2_no_tiebreaker|slight_favorite|starting_bucket_60_69|starting_price_0060|straight_sets|third_set_unknown|tiebreaker|uptrend_finish|winner,1.2912,20.3,38,52.74,0,2,3,0.0
2025-10-22T08:09:00+00:00,60.0,42.0,2_sets|crossed_50|crossed_60|crossed_70|crossed_75|crossed_80|crossed_90|early_cross_50|ending_bucket_90_99|ending_price_0099|first_set_winner|highly_oscillating_shape|large_range|large_single_move|many_reversals|medium_volatility|multi_crossed_60|multi_crossed_70|multi_crossed_75|multi_crossed_80|opponent_alexei_popyrin|player_matteo_berrettini|resolved_near_100|second_set_winner|set_1_tiebreaker|set_2_no_tiebreaker|slight_favorite|starting_bucket_60_69|starting_price_0060|straight_sets|third_set_unknown|tiebreaker|uptrend_finish|winner,1.2912,20.3,38,52.74,0,2,3,0.0
2025-10-22T08:18:00+00:00,60.0,42.0,2_sets|crossed_50|crossed_60|crossed_70|crossed_75|crossed_80|crossed_90|early_cross_50|ending_bucket_90_99|ending_price_0099|first_set_winner|highly_oscillating_shape|large_range|large_single_move|many_reversals|medium_volatility|multi_crossed_60|multi_crossed_70|multi_crossed_75|multi_crossed_80|opponent_alexei_popyrin|player_matteo_berrettini|resolved_near_100|second_set_winner|set_1_tiebreaker|set_2_no_tiebreaker|slight_favorite|starting_bucket_60_69|starting_price_0060|straight_sets|third_set_unknown|tiebreaker|uptrend_finish|winner,1.2912,20.3,38,52.74,0,2,3,0.0
2025-10-22T08:32:00+00:00,60.0,42.0,2_sets|crossed_50|crossed_60|crossed_70|crossed_75|crossed_80|crossed_90|early_cross_50|ending_bucket_90_99|ending_price_0099|first_set_winner|highly_oscillating_shape|large_range|large_single_move|many_reversals|medium_volatility|multi_crossed_60|multi_crossed_70|multi_crossed_75|multi_crossed_80|opponent_alexei_popyrin|player_matteo_berrettini|resolved_near_100|second_set_winner|set_1_tiebreaker|set_2_no_tiebreaker|slight_favorite|starting_bucket_60_69|starting_price_0060|straight_sets|third_set_unknown|tiebreaker|uptrend_finish|winner,1.2912,20.3,38,52.74,0,2,3,0.0
2025-10-22T08:38:00+00:00,60.0,42.0,2_sets|crossed_50|crossed_60|crossed_70|crossed_75|crossed_80|crossed_90|early_cross_50|ending_bucket_90_99|ending_price_0099|first_set_winner|highly_oscillating_shape|large_range|large_single_move|many_reversals|medium_volatility|multi_crossed_60|multi_crossed_70|multi_crossed_75|multi_crossed_80|opponent_alexei_popyrin|player_matteo_berrettini|resolved_near_100|second_set_winner|set_1_tiebreaker|set_2_no_tiebreaker|slight_favorite|starting_bucket_60_69|starting_price_0060|straight_sets|third_set_unknown|tiebreaker|uptrend_finish|winner,1.2912,20.3,38,52.74,0,2,3,0.0
2025-10-22T08:43:00+00:00,60.0,42.0,2_sets|crossed_50|crossed_60|crossed_70|crossed_75|crossed_80|crossed_90|early_cross_50|ending_bucket_90_99|ending_price_0099|first_set_winner|highly_oscillating_shape|large_range|large_single_move|many_reversals|medium_volatility|multi_crossed_60|multi_crossed_70|multi_crossed_75|multi_crossed_80|opponent_alexei_popyrin|player_matteo_berrettini|resolved_near_100|second_set_winner|set_1_tiebreaker|set_2_no_tiebreaker|slight_favorite|starting_bucket_60_69|starting_price_0060|straight_sets|third_set_unknown|tiebreaker|uptrend_finish|winner,1.2912,20.3,38,52.74,0,2,3,0.0
2025-10-22T08:49:00+00:00,60.0,42.0,2_sets|crossed_50|crossed_60|crossed_70|crossed_75|crossed_80|crossed_90|early_cross_50|ending_bucket_90_99|ending_price_0099|first_set_winner|highly_oscillating_shape|large_range|large_single_move|many_reversals|medium_volatility|multi_crossed_60|multi_crossed_70|multi_crossed_75|multi_crossed_80|opponent_alexei_popyrin|player_matteo_berrettini|resolved_near_100|second_set_winner|set_1_tiebreaker|set_2_no_tiebreaker|slight_favorite|starting_bucket_60_69|starting_price_0060|straight_sets|third_set_unknown|tiebreaker|uptrend_finish|winner,1.2912,20.3,38,52.74,0,2,3,0.0
2025-10-22T09:03:00+00:00,60.0,42.0,2_sets|crossed_50|crossed_60|crossed_70|crossed_75|crossed_80|crossed_90|early_cross_50|ending_bucket_90_99|ending_price_0099|first_set_winner|highly_oscillating_shape|large_range|large_single_move|many_reversals|medium_volatility|multi_crossed_60|multi_crossed_70|multi_crossed_75|multi_crossed_80|opponent_alexei_popyrin|player_matteo_berrettini|resolved_near_100|second_set_winner|set_1_tiebreaker|set_2_no_tiebreaker|slight_favorite|starting_bucket_60_69|starting_price_0060|straight_sets|third_set_unknown|tiebreaker|uptrend_finish|winner,1.2912,20.3,38,52.74,0,2,3,0.0
2025-10-22T09:04:00+00:00,60.0,42.0,2_sets|crossed_50|crossed_60|crossed_70|crossed_75|crossed_80|crossed_90|early_cross_50|ending_bucket_90_99|ending_price_0099|first_set_winner|highly_oscillating_shape|large_range|large_single_move|many_reversals|medium_volatility|multi_crossed_60|multi_crossed_70|multi_crossed_75|multi_crossed_80|opponent_alexei_popyrin|player_matteo_berrettini|resolved_near_100|second_set_winner|set_1_tiebreaker|set_2_no_tiebreaker|slight_favorite|starting_bucket_60_69|starting_price_0060|straight_sets|third_set_unknown|tiebreaker|uptrend_finish|winner,1.2912,20.3,38,52.74,0,2,3,0.0
2025-10-22T09:37:00+00:00,60.0,42.0,2_sets|crossed_50|crossed_60|crossed_70|crossed_75|crossed_80|crossed_90|early_cross_50|ending_bucket_90_99|ending_price_0099|first_set_winner|highly_oscillating_shape|large_range|large_single_move|many_reversals|medium_volatility|multi_crossed_60|multi_crossed_70|multi_crossed_75|multi_crossed_80|opponent_alexei_popyrin|player_matteo_berrettini|resolved_near_100|second_set_winner|set_1_tiebreaker|set_2_no_tiebreaker|slight_favorite|starting_bucket_60_69|starting_price_0060|straight_sets|third_set_unknown|tiebreaker|uptrend_finish|winner,1.2912,20.3,38,52.74,0,2,3,0.0
2025-10-22T09:38:00+00:00,60.0,42.0,2_sets|crossed_50|crossed_60|crossed_70|crossed_75|crossed_80|crossed_90|early_cross_50|ending_bucket_90_99|ending_price_0099|first_set_winner|highly_oscillating_shape|large_range|large_single_move|many_reversals|medium_volatility|multi_crossed_60|multi_crossed_70|multi_crossed_75|multi_crossed_80|opponent_alexei_popyrin|player_matteo_berrettini|resolved_near_100|second_set_winner|set_1_tiebreaker|set_2_no_tiebreaker|slight_favorite|starting_bucket_60_69|starting_price_0060|straight_sets|third_set_unknown|tiebreaker|uptrend_finish|winner,1.2912,20.3,38,52.74,0,2,3,0.0
2025-10-22T09:39:00+00:00,60.0,43.0,2_sets|crossed_50|crossed_60|crossed_70|crossed_75|crossed_80|crossed_90|early_cross_50|ending_bucket_90_99|ending_price_0099|first_set_winner|highly_oscillating_shape|large_range|large_single_move|many_reversals|medium_volatility|multi_crossed_60|multi_crossed_70|multi_crossed_75|multi_crossed_80|opponent_alexei_popyrin|player_matteo_berrettini|resolved_near_100|second_set_winner|set_1_tiebreaker|set_2_no_tiebreaker|slight_favorite|starting_bucket_60_69|starting_price_0060|straight_sets|third_set_unknown|tiebreaker|uptrend_finish|winner,1.2912,20.3,38,52.74,0,2,3,0.0
2025-10-22T09:40:00+00:00,57.0,43.0,2_sets|crossed_50|crossed_60|crossed_70|crossed_75|crossed_80|crossed_90|early_cross_50|ending_bucket_90_99|ending_price_0099|first_set_winner|highly_oscillating_shape|large_range|large_single_move|many_reversals|medium_volatility|multi_crossed_60|multi_crossed_70|multi_crossed_75|multi_crossed_80|opponent_alexei_popyrin|player_matteo_berrettini|resolved_near_100|second_set_winner|set_1_tiebreaker|set_2_no_tiebreaker|slight_favorite|starting_bucket_60_69|starting_price_0060|straight_sets|third_set_unknown|tiebreaker|uptrend_finish|winner,1.2912,20.3,38,52.74,0,2,3,0.0
2025-10-22T09:45:00+00:00,57.0,43.0,2_sets|crossed_50|crossed_60|crossed_70|crossed_75|crossed_80|crossed_90|early_cross_50|ending_bucket_90_99|ending_price_0099|first_set_winner|highly_oscillating_shape|large_range|large_single_move|many_reversals|medium_volatility|multi_crossed_60|multi_crossed_70|multi_crossed_75|multi_crossed_80|opponent_alexei_popyrin|player_matteo_berrettini|resolved_near_100|second_set_winner|set_1_tiebreaker|set_2_no_tiebreaker|slight_favorite|starting_bucket_60_69|starting_price_0060|straight_sets|third_set_unknown|tiebreaker|uptrend_finish|winner,1.2912,20.3,38,52.74,0,2,3,0.0
2025-10-22T09:46:00+00:00,58.0,43.0,2_sets|crossed_50|crossed_60|crossed_70|crossed_75|crossed_80|crossed_90|early_cross_50|ending_bucket_90_99|ending_price_0099|first_set_winner|highly_oscillating_shape|large_range|large_single_move|many_reversals|medium_volatility|multi_crossed_60|multi_crossed_70|multi_crossed_75|multi_crossed_80|opponent_alexei_popyrin|player_matteo_berrettini|resolved_near_100|second_set_winner|set_1_tiebreaker|set_2_no_tiebreaker|slight_favorite|starting_bucket_60_69|starting_price_0060|straight_sets|third_set_unknown|tiebreaker|uptrend_finish|winner,1.2912,20.3,38,52.74,0,2,3,0.0
2025-10-22T09:48:00+00:00,58.0,43.0,2_sets|crossed_50|crossed_60|crossed_70|crossed_75|crossed_80|crossed_90|early_cross_50|ending_bucket_90_99|ending_price_0099|first_set_winner|highly_oscillating_shape|large_range|large_single_move|many_reversals|medium_volatility|multi_crossed_60|multi_crossed_70|multi_crossed_75|multi_crossed_80|opponent_alexei_popyrin|player_matteo_berrettini|resolved_near_100|second_set_winner|set_1_tiebreaker|set_2_no_tiebreaker|slight_favorite|starting_bucket_60_69|starting_price_0060|straight_sets|third_set_unknown|tiebreaker|uptrend_finish|winner,1.2912,20.3,38,52.74,0,2,3,0.0
2025-10-22T09:59:00+00:00,58.0,43.0,2_sets|crossed_50|crossed_60|crossed_70|crossed_75|crossed_80|crossed_90|early_cross_50|ending_bucket_90_99|ending_price_0099|first_set_winner|highly_oscillating_shape|large_range|large_single_move|many_reversals|medium_volatility|multi_crossed_60|multi_crossed_70|multi_crossed_75|multi_crossed_80|opponent_alexei_popyrin|player_matteo_berrettini|resolved_near_100|second_set_winner|set_1_tiebreaker|set_2_no_tiebreaker|slight_favorite|starting_bucket_60_69|starting_price_0060|straight_sets|third_set_unknown|tiebreaker|uptrend_finish|winner,1.2912,20.3,38,52.74,0,2,3,0.0
2025-10-22T10:04:00+00:00,58.0,43.0,2_sets|crossed_50|crossed_60|crossed_70|crossed_75|crossed_80|crossed_90|early_cross_50|ending_bucket_90_99|ending_price_0099|first_set_winner|highly_oscillating_shape|large_range|large_single_move|many_reversals|medium_volatility|multi_crossed_60|multi_crossed_70|multi_crossed_75|multi_crossed_80|opponent_alexei_popyrin|player_matteo_berrettini|resolved_near_100|second_set_winner|set_1_tiebreaker|set_2_no_tiebreaker|slight_favorite|starting_bucket_60_69|starting_price_0060|straight_sets|third_set_unknown|tiebreaker|uptrend_finish|winner,1.2912,20.3,38,52.74,0,2,3,0.0
2025-10-22T10:11:00+00:00,58.0,43.0,2_sets|crossed_50|crossed_60|crossed_70|crossed_75|crossed_80|crossed_90|early_cross_50|ending_bucket_90_99|ending_price_0099|first_set_winner|highly_oscillating_shape|large_range|large_single_move|many_reversals|medium_volatility|multi_crossed_60|multi_crossed_70|multi_crossed_75|multi_crossed_80|opponent_alexei_popyrin|player_matteo_berrettini|resolved_near_100|second_set_winner|set_1_tiebreaker|set_2_no_tiebreaker|slight_favorite|starting_bucket_60_69|starting_price_0060|straight_sets|third_set_unknown|tiebreaker|uptrend_finish|winner,1.2912,20.3,38,52.74,0,2,3,0.0
2025-10-22T10:12:00+00:00,57.23,43.0,2_sets|crossed_50|crossed_60|crossed_70|crossed_75|crossed_80|crossed_90|early_cross_50|ending_bucket_90_99|ending_price_0099|first_set_winner|highly_oscillating_shape|large_range|large_single_move|many_reversals|medium_volatility|multi_crossed_60|multi_crossed_70|multi_crossed_75|multi_crossed_80|opponent_alexei_popyrin|player_matteo_berrettini|resolved_near_100|second_set_winner|set_1_tiebreaker|set_2_no_tiebreaker|slight_favorite|starting_bucket_60_69|starting_price_0060|straight_sets|third_set_unknown|tiebreaker|uptrend_finish|winner,1.2912,20.3,38,52.74,0,2,3,0.0
2025-10-22T10:13:00+00:00,57.64,43.0,2_sets|crossed_50|crossed_60|crossed_70|crossed_75|crossed_80|crossed_90|early_cross_50|ending_bucket_90_99|ending_price_0099|first_set_winner|highly_oscillating_shape|large_range|large_single_move|many_reversals|medium_volatility|multi_crossed_60|multi_crossed_70|multi_crossed_75|multi_crossed_80|opponent_alexei_popyrin|player_matteo_berrettini|resolved_near_100|second_set_winner|set_1_tiebreaker|set_2_no_tiebreaker|slight_favorite|starting_bucket_60_69|starting_price_0060|straight_sets|third_set_unknown|tiebreaker|uptrend_finish|winner,1.2912,20.3,38,52.74,0,2,3,0.0
2025-10-22T10:15:00+00:00,57.64,43.0,2_sets|crossed_50|crossed_60|crossed_70|crossed_75|crossed_80|crossed_90|early_cross_50|ending_bucket_90_99|ending_price_0099|first_set_winner|highly_oscillating_shape|large_range|large_single_move|many_reversals|medium_volatility|multi_crossed_60|multi_crossed_70|multi_crossed_75|multi_crossed_80|opponent_alexei_popyrin|player_matteo_berrettini|resolved_near_100|second_set_winner|set_1_tiebreaker|set_2_no_tiebreaker|slight_favorite|starting_bucket_60_69|starting_price_0060|straight_sets|third_set_unknown|tiebreaker|uptrend_finish|winner,1.2912,20.3,38,52.74,0,2,3,0.0
2025-10-22T10:20:00+00:00,58.0,43.0,2_sets|crossed_50|crossed_60|crossed_70|crossed_75|crossed_80|crossed_90|early_cross_50|ending_bucket_90_99|ending_price_0099|first_set_winner|highly_oscillating_shape|large_range|large_single_move|many_reversals|medium_volatility|multi_crossed_60|multi_crossed_70|multi_crossed_75|multi_crossed_80|opponent_alexei_popyrin|player_matteo_berrettini|resolved_near_100|second_set_winner|set_1_tiebreaker|set_2_no_tiebreaker|slight_favorite|starting_bucket_60_69|starting_price_0060|straight_sets|third_set_unknown|tiebreaker|uptrend_finish|winner,1.2912,20.3,38,52.74,0,2,3,0.0
2025-10-22T10:25:00+00:00,58.0,43.0,2_sets|crossed_50|crossed_60|crossed_70|crossed_75|crossed_80|crossed_90|early_cross_50|ending_bucket_90_99|ending_price_0099|first_set_winner|highly_oscillating_shape|large_range|large_single_move|many_reversals|medium_volatility|multi_crossed_60|multi_crossed_70|multi_crossed_75|multi_crossed_80|opponent_alexei_popyrin|player_matteo_berrettini|resolved_near_100|second_set_winner|set_1_tiebreaker|set_2_no_tiebreaker|slight_favorite|starting_bucket_60_69|starting_price_0060|straight_sets|third_set_unknown|tiebreaker|uptrend_finish|winner,1.2912,20.3,38,52.74,0,2,3,0.0
2025-10-22T10:27:00+00:00,58.0,43.0,2_sets|crossed_50|crossed_60|crossed_70|crossed_75|crossed_80|crossed_90|early_cross_50|ending_bucket_90_99|ending_price_0099|first_set_winner|highly_oscillating_shape|large_range|large_single_move|many_reversals|medium_volatility|multi_crossed_60|multi_crossed_70|multi_crossed_75|multi_crossed_80|opponent_alexei_popyrin|player_matteo_berrettini|resolved_near_100|second_set_winner|set_1_tiebreaker|set_2_no_tiebreaker|slight_favorite|starting_bucket_60_69|starting_price_0060|straight_sets|third_set_unknown|tiebreaker|uptrend_finish|winner,1.2912,20.3,38,52.74,0,2,3,0.0
2025-10-22T10:32:00+00:00,58.0,43.0,2_sets|crossed_50|crossed_60|crossed_70|crossed_75|crossed_80|crossed_90|early_cross_50|ending_bucket_90_99|ending_price_0099|first_set_winner|highly_oscillating_shape|large_range|large_single_move|many_reversals|medium_volatility|multi_crossed_60|multi_crossed_70|multi_crossed_75|multi_crossed_80|opponent_alexei_popyrin|player_matteo_berrettini|resolved_near_100|second_set_winner|set_1_tiebreaker|set_2_no_tiebreaker|slight_favorite|starting_bucket_60_69|starting_price_0060|straight_sets|third_set_unknown|tiebreaker|uptrend_finish|winner,1.2912,20.3,38,52.74,0,2,3,0.0
2025-10-22T10:33:00+00:00,58.0,43.0,2_sets|crossed_50|crossed_60|crossed_70|crossed_75|crossed_80|crossed_90|early_cross_50|ending_bucket_90_99|ending_price_0099|first_set_winner|highly_oscillating_shape|large_range|large_single_move|many_reversals|medium_volatility|multi_crossed_60|multi_crossed_70|multi_crossed_75|multi_crossed_80|opponent_alexei_popyrin|player_matteo_berrettini|resolved_near_100|second_set_winner|set_1_tiebreaker|set_2_no_tiebreaker|slight_favorite|starting_bucket_60_69|starting_price_0060|straight_sets|third_set_unknown|tiebreaker|uptrend_finish|winner,1.2912,20.3,38,52.74,0,2,3,0.0
2025-10-22T10:35:00+00:00,58.0,43.0,2_sets|crossed_50|crossed_60|crossed_70|crossed_75|crossed_80|crossed_90|early_cross_50|ending_bucket_90_99|ending_price_0099|first_set_winner|highly_oscillating_shape|large_range|large_single_move|many_reversals|medium_volatility|multi_crossed_60|multi_crossed_70|multi_crossed_75|multi_crossed_80|opponent_alexei_popyrin|player_matteo_berrettini|resolved_near_100|second_set_winner|set_1_tiebreaker|set_2_no_tiebreaker|slight_favorite|starting_bucket_60_69|starting_price_0060|straight_sets|third_set_unknown|tiebreaker|uptrend_finish|winner,1.2912,20.3,38,52.74,0,2,3,0.0
2025-10-22T10:38:00+00:00,58.0,43.0,2_sets|crossed_50|crossed_60|crossed_70|crossed_75|crossed_80|crossed_90|early_cross_50|ending_bucket_90_99|ending_price_0099|first_set_winner|highly_oscillating_shape|large_range|large_single_move|many_reversals|medium_volatility|multi_crossed_60|multi_crossed_70|multi_crossed_75|multi_crossed_80|opponent_alexei_popyrin|player_matteo_berrettini|resolved_near_100|second_set_winner|set_1_tiebreaker|set_2_no_tiebreaker|slight_favorite|starting_bucket_60_69|starting_price_0060|straight_sets|third_set_unknown|tiebreaker|uptrend_finish|winner,1.2912,20.3,38,52.74,0,2,3,0.0
2025-10-22T10:55:00+00:00,58.0,43.0,2_sets|crossed_50|crossed_60|crossed_70|crossed_75|crossed_80|crossed_90|early_cross_50|ending_bucket_90_99|ending_price_0099|first_set_winner|highly_oscillating_shape|large_range|large_single_move|many_reversals|medium_volatility|multi_crossed_60|multi_crossed_70|multi_crossed_75|multi_crossed_80|opponent_alexei_popyrin|player_matteo_berrettini|resolved_near_100|second_set_winner|set_1_tiebreaker|set_2_no_tiebreaker|slight_favorite|starting_bucket_60_69|starting_price_0060|straight_sets|third_set_unknown|tiebreaker|uptrend_finish|winner,1.2912,20.3,38,52.74,0,2,3,0.0
2025-10-22T11:01:00+00:00,58.0,43.0,2_sets|crossed_50|crossed_60|crossed_70|crossed_75|crossed_80|crossed_90|early_cross_50|ending_bucket_90_99|ending_price_0099|first_set_winner|highly_oscillating_shape|large_range|large_single_move|many_reversals|medium_volatility|multi_crossed_60|multi_crossed_70|multi_crossed_75|multi_crossed_80|opponent_alexei_popyrin|player_matteo_berrettini|resolved_near_100|second_set_winner|set_1_tiebreaker|set_2_no_tiebreaker|slight_favorite|starting_bucket_60_69|starting_price_0060|straight_sets|third_set_unknown|tiebreaker|uptrend_finish|winner,1.2912,20.3,38,52.74,0,2,3,0.0
2025-10-22T11:04:00+00:00,58.0,43.0,2_sets|crossed_50|crossed_60|crossed_70|crossed_75|crossed_80|crossed_90|early_cross_50|ending_bucket_90_99|ending_price_0099|first_set_winner|highly_oscillating_shape|large_range|large_single_move|many_reversals|medium_volatility|multi_crossed_60|multi_crossed_70|multi_crossed_75|multi_crossed_80|opponent_alexei_popyrin|player_matteo_berrettini|resolved_near_100|second_set_winner|set_1_tiebreaker|set_2_no_tiebreaker|slight_favorite|starting_bucket_60_69|starting_price_0060|straight_sets|third_set_unknown|tiebreaker|uptrend_finish|winner,1.2912,20.3,38,52.74,0,2,3,0.0
2025-10-22T11:05:00+00:00,58.0,43.0,2_sets|crossed_50|crossed_60|crossed_70|crossed_75|crossed_80|crossed_90|early_cross_50|ending_bucket_90_99|ending_price_0099|first_set_winner|highly_oscillating_shape|large_range|large_single_move|many_reversals|medium_volatility|multi_crossed_60|multi_crossed_70|multi_crossed_75|multi_crossed_80|opponent_alexei_popyrin|player_matteo_berrettini|resolved_near_100|second_set_winner|set_1_tiebreaker|set_2_no_tiebreaker|slight_favorite|starting_bucket_60_69|starting_price_0060|straight_sets|third_set_unknown|tiebreaker|uptrend_finish|winner,1.2912,20.3,38,52.74,0,2,3,0.0
2025-10-22T11:06:00+00:00,58.0,43.0,2_sets|crossed_50|crossed_60|crossed_70|crossed_75|crossed_80|crossed_90|early_cross_50|ending_bucket_90_99|ending_price_0099|first_set_winner|highly_oscillating_shape|large_range|large_single_move|many_reversals|medium_volatility|multi_crossed_60|multi_crossed_70|multi_crossed_75|multi_crossed_80|opponent_alexei_popyrin|player_matteo_berrettini|resolved_near_100|second_set_winner|set_1_tiebreaker|set_2_no_tiebreaker|slight_favorite|starting_bucket_60_69|starting_price_0060|straight_sets|third_set_unknown|tiebreaker|uptrend_finish|winner,1.2912,20.3,38,52.74,0,2,3,0.0
2025-10-22T11:08:00+00:00,58.0,43.0,2_sets|crossed_50|crossed_60|crossed_70|crossed_75|crossed_80|crossed_90|early_cross_50|ending_bucket_90_99|ending_price_0099|first_set_winner|highly_oscillating_shape|large_range|large_single_move|many_reversals|medium_volatility|multi_crossed_60|multi_crossed_70|multi_crossed_75|multi_crossed_80|opponent_alexei_popyrin|player_matteo_berrettini|resolved_near_100|second_set_winner|set_1_tiebreaker|set_2_no_tiebreaker|slight_favorite|starting_bucket_60_69|starting_price_0060|straight_sets|third_set_unknown|tiebreaker|uptrend_finish|winner,1.2912,20.3,38,52.74,0,2,3,0.0
2025-10-22T11:12:00+00:00,57.0,43.0,2_sets|crossed_50|crossed_60|crossed_70|crossed_75|crossed_80|crossed_90|early_cross_50|ending_bucket_90_99|ending_price_0099|first_set_winner|highly_oscillating_shape|large_range|large_single_move|many_reversals|medium_volatility|multi_crossed_60|multi_crossed_70|multi_crossed_75|multi_crossed_80|opponent_alexei_popyrin|player_matteo_berrettini|resolved_near_100|second_set_winner|set_1_tiebreaker|set_2_no_tiebreaker|slight_favorite|starting_bucket_60_69|starting_price_0060|straight_sets|third_set_unknown|tiebreaker|uptrend_finish|winner,1.2912,20.3,38,52.74,0,2,3,0.0
2025-10-22T11:13:00+00:00,57.0,43.0,2_sets|crossed_50|crossed_60|crossed_70|crossed_75|crossed_80|crossed_90|early_cross_50|ending_bucket_90_99|ending_price_0099|first_set_winner|highly_oscillating_shape|large_range|large_single_move|many_reversals|medium_volatility|multi_crossed_60|multi_crossed_70|multi_crossed_75|multi_crossed_80|opponent_alexei_popyrin|player_matteo_berrettini|resolved_near_100|second_set_winner|set_1_tiebreaker|set_2_no_tiebreaker|slight_favorite|starting_bucket_60_69|starting_price_0060|straight_sets|third_set_unknown|tiebreaker|uptrend_finish|winner,1.2912,20.3,38,52.74,0,2,3,0.0
2025-10-22T11:14:00+00:00,58.39,43.0,2_sets|crossed_50|crossed_60|crossed_70|crossed_75|crossed_80|crossed_90|early_cross_50|ending_bucket_90_99|ending_price_0099|first_set_winner|highly_oscillating_shape|large_range|large_single_move|many_reversals|medium_volatility|multi_crossed_60|multi_crossed_70|multi_crossed_75|multi_crossed_80|opponent_alexei_popyrin|player_matteo_berrettini|resolved_near_100|second_set_winner|set_1_tiebreaker|set_2_no_tiebreaker|slight_favorite|starting_bucket_60_69|starting_price_0060|straight_sets|third_set_unknown|tiebreaker|uptrend_finish|winner,1.2912,20.3,38,52.74,0,2,3,0.0
2025-10-22T11:18:00+00:00,58.03,43.0,2_sets|crossed_50|crossed_60|crossed_70|crossed_75|crossed_80|crossed_90|early_cross_50|ending_bucket_90_99|ending_price_0099|first_set_winner|highly_oscillating_shape|large_range|large_single_move|many_reversals|medium_volatility|multi_crossed_60|multi_crossed_70|multi_crossed_75|multi_crossed_80|opponent_alexei_popyrin|player_matteo_berrettini|resolved_near_100|second_set_winner|set_1_tiebreaker|set_2_no_tiebreaker|slight_favorite|starting_bucket_60_69|starting_price_0060|straight_sets|third_set_unknown|tiebreaker|uptrend_finish|winner,1.2912,20.3,38,52.74,0,2,3,0.0
2025-10-22T11:22:00+00:00,58.03,43.0,2_sets|crossed_50|crossed_60|crossed_70|crossed_75|crossed_80|crossed_90|early_cross_50|ending_bucket_90_99|ending_price_0099|first_set_winner|highly_oscillating_shape|large_range|large_single_move|many_reversals|medium_volatility|multi_crossed_60|multi_crossed_70|multi_crossed_75|multi_crossed_80|opponent_alexei_popyrin|player_matteo_berrettini|resolved_near_100|second_set_winner|set_1_tiebreaker|set_2_no_tiebreaker|slight_favorite|starting_bucket_60_69|starting_price_0060|straight_sets|third_set_unknown|tiebreaker|uptrend_finish|winner,1.2912,20.3,38,52.74,0,2,3,0.0
2025-10-22T11:23:00+00:00,58.03,43.0,2_sets|crossed_50|crossed_60|crossed_70|crossed_75|crossed_80|crossed_90|early_cross_50|ending_bucket_90_99|ending_price_0099|first_set_winner|highly_oscillating_shape|large_range|large_single_move|many_reversals|medium_volatility|multi_crossed_60|multi_crossed_70|multi_crossed_75|multi_crossed_80|opponent_alexei_popyrin|player_matteo_berrettini|resolved_near_100|second_set_winner|set_1_tiebreaker|set_2_no_tiebreaker|slight_favorite|starting_bucket_60_69|starting_price_0060|straight_sets|third_set_unknown|tiebreaker|uptrend_finish|winner,1.2912,20.3,38,52.74,0,2,3,0.0
2025-10-22T11:25:00+00:00,58.03,43.0,2_sets|crossed_50|crossed_60|crossed_70|crossed_75|crossed_80|crossed_90|early_cross_50|ending_bucket_90_99|ending_price_0099|first_set_winner|highly_oscillating_shape|large_range|large_single_move|many_reversals|medium_volatility|multi_crossed_60|multi_crossed_70|multi_crossed_75|multi_crossed_80|opponent_alexei_popyrin|player_matteo_berrettini|resolved_near_100|second_set_winner|set_1_tiebreaker|set_2_no_tiebreaker|slight_favorite|starting_bucket_60_69|starting_price_0060|straight_sets|third_set_unknown|tiebreaker|uptrend_finish|winner,1.2912,20.3,38,52.74,0,2,3,0.0
2025-10-22T11:26:00+00:00,59.0,43.0,2_sets|crossed_50|crossed_60|crossed_70|crossed_75|crossed_80|crossed_90|early_cross_50|ending_bucket_90_99|ending_price_0099|first_set_winner|highly_oscillating_shape|large_range|large_single_move|many_reversals|medium_volatility|multi_crossed_60|multi_crossed_70|multi_crossed_75|multi_crossed_80|opponent_alexei_popyrin|player_matteo_berrettini|resolved_near_100|second_set_winner|set_1_tiebreaker|set_2_no_tiebreaker|slight_favorite|starting_bucket_60_69|starting_price_0060|straight_sets|third_set_unknown|tiebreaker|uptrend_finish|winner,1.2912,20.3,38,52.74,0,2,3,0.0
2025-10-22T11:27:00+00:00,59.0,42.0,2_sets|crossed_50|crossed_60|crossed_70|crossed_75|crossed_80|crossed_90|early_cross_50|ending_bucket_90_99|ending_price_0099|first_set_winner|highly_oscillating_shape|large_range|large_single_move|many_reversals|medium_volatility|multi_crossed_60|multi_crossed_70|multi_crossed_75|multi_crossed_80|opponent_alexei_popyrin|player_matteo_berrettini|resolved_near_100|second_set_winner|set_1_tiebreaker|set_2_no_tiebreaker|slight_favorite|starting_bucket_60_69|starting_price_0060|straight_sets|third_set_unknown|tiebreaker|uptrend_finish|winner,1.2912,20.3,38,52.74,0,2,3,0.0
2025-10-22T11:29:00+00:00,59.0,42.0,2_sets|crossed_50|crossed_60|crossed_70|crossed_75|crossed_80|crossed_90|early_cross_50|ending_bucket_90_99|ending_price_0099|first_set_winner|highly_oscillating_shape|large_range|large_single_move|many_reversals|medium_volatility|multi_crossed_60|multi_crossed_70|multi_crossed_75|multi_crossed_80|opponent_alexei_popyrin|player_matteo_berrettini|resolved_near_100|second_set_winner|set_1_tiebreaker|set_2_no_tiebreaker|slight_favorite|starting_bucket_60_69|starting_price_0060|straight_sets|third_set_unknown|tiebreaker|uptrend_finish|winner,1.2912,20.3,38,52.74,0,2,3,0.0
2025-10-22T11:32:00+00:00,58.14,42.0,2_sets|crossed_50|crossed_60|crossed_70|crossed_75|crossed_80|crossed_90|early_cross_50|ending_bucket_90_99|ending_price_0099|first_set_winner|highly_oscillating_shape|large_range|large_single_move|many_reversals|medium_volatility|multi_crossed_60|multi_crossed_70|multi_crossed_75|multi_crossed_80|opponent_alexei_popyrin|player_matteo_berrettini|resolved_near_100|second_set_winner|set_1_tiebreaker|set_2_no_tiebreaker|slight_favorite|starting_bucket_60_69|starting_price_0060|straight_sets|third_set_unknown|tiebreaker|uptrend_finish|winner,1.2912,20.3,38,52.74,0,2,3,0.0
2025-10-22T11:33:00+00:00,59.0,42.0,2_sets|crossed_50|crossed_60|crossed_70|crossed_75|crossed_80|crossed_90|early_cross_50|ending_bucket_90_99|ending_price_0099|first_set_winner|highly_oscillating_shape|large_range|large_single_move|many_reversals|medium_volatility|multi_crossed_60|multi_crossed_70|multi_crossed_75|multi_crossed_80|opponent_alexei_popyrin|player_matteo_berrettini|resolved_near_100|second_set_winner|set_1_tiebreaker|set_2_no_tiebreaker|slight_favorite|starting_bucket_60_69|starting_price_0060|straight_sets|third_set_unknown|tiebreaker|uptrend_finish|winner,1.2912,20.3,38,52.74,0,2,3,0.0
2025-10-22T11:34:00+00:00,59.0,42.0,2_sets|crossed_50|crossed_60|crossed_70|crossed_75|crossed_80|crossed_90|early_cross_50|ending_bucket_90_99|ending_price_0099|first_set_winner|highly_oscillating_shape|large_range|large_single_move|many_reversals|medium_volatility|multi_crossed_60|multi_crossed_70|multi_crossed_75|multi_crossed_80|opponent_alexei_popyrin|player_matteo_berrettini|resolved_near_100|second_set_winner|set_1_tiebreaker|set_2_no_tiebreaker|slight_favorite|starting_bucket_60_69|starting_price_0060|straight_sets|third_set_unknown|tiebreaker|uptrend_finish|winner,1.2912,20.3,38,52.74,0,2,3,0.0
2025-10-22T11:35:00+00:00,59.0,42.0,2_sets|crossed_50|crossed_60|crossed_70|crossed_75|crossed_80|crossed_90|early_cross_50|ending_bucket_90_99|ending_price_0099|first_set_winner|highly_oscillating_shape|large_range|large_single_move|many_reversals|medium_volatility|multi_crossed_60|multi_crossed_70|multi_crossed_75|multi_crossed_80|opponent_alexei_popyrin|player_matteo_berrettini|resolved_near_100|second_set_winner|set_1_tiebreaker|set_2_no_tiebreaker|slight_favorite|starting_bucket_60_69|starting_price_0060|straight_sets|third_set_unknown|tiebreaker|uptrend_finish|winner,1.2912,20.3,38,52.74,0,2,3,0.0
2025-10-22T11:37:00+00:00,59.0,42.0,2_sets|crossed_50|crossed_60|crossed_70|crossed_75|crossed_80|crossed_90|early_cross_50|ending_bucket_90_99|ending_price_0099|first_set_winner|highly_oscillating_shape|large_range|large_single_move|many_reversals|medium_volatility|multi_crossed_60|multi_crossed_70|multi_crossed_75|multi_crossed_80|opponent_alexei_popyrin|player_matteo_berrettini|resolved_near_100|second_set_winner|set_1_tiebreaker|set_2_no_tiebreaker|slight_favorite|starting_bucket_60_69|starting_price_0060|straight_sets|third_set_unknown|tiebreaker|uptrend_finish|winner,1.2912,20.3,38,52.74,0,2,3,0.0
2025-10-22T11:38:00+00:00,59.0,42.0,2_sets|crossed_50|crossed_60|crossed_70|crossed_75|crossed_80|crossed_90|early_cross_50|ending_bucket_90_99|ending_price_0099|first_set_winner|highly_oscillating_shape|large_range|large_single_move|many_reversals|medium_volatility|multi_crossed_60|multi_crossed_70|multi_crossed_75|multi_crossed_80|opponent_alexei_popyrin|player_matteo_berrettini|resolved_near_100|second_set_winner|set_1_tiebreaker|set_2_no_tiebreaker|slight_favorite|starting_bucket_60_69|starting_price_0060|straight_sets|third_set_unknown|tiebreaker|uptrend_finish|winner,1.2912,20.3,38,52.74,0,2,3,0.0
2025-10-22T11:39:00+00:00,59.0,42.0,2_sets|crossed_50|crossed_60|crossed_70|crossed_75|crossed_80|crossed_90|early_cross_50|ending_bucket_90_99|ending_price_0099|first_set_winner|highly_oscillating_shape|large_range|large_single_move|many_reversals|medium_volatility|multi_crossed_60|multi_crossed_70|multi_crossed_75|multi_crossed_80|opponent_alexei_popyrin|player_matteo_berrettini|resolved_near_100|second_set_winner|set_1_tiebreaker|set_2_no_tiebreaker|slight_favorite|starting_bucket_60_69|starting_price_0060|straight_sets|third_set_unknown|tiebreaker|uptrend_finish|winner,1.2912,20.3,38,52.74,0,2,3,0.0
2025-10-22T11:40:00+00:00,59.0,42.0,2_sets|crossed_50|crossed_60|crossed_70|crossed_75|crossed_80|crossed_90|early_cross_50|ending_bucket_90_99|ending_price_0099|first_set_winner|highly_oscillating_shape|large_range|large_single_move|many_reversals|medium_volatility|multi_crossed_60|multi_crossed_70|multi_crossed_75|multi_crossed_80|opponent_alexei_popyrin|player_matteo_berrettini|resolved_near_100|second_set_winner|set_1_tiebreaker|set_2_no_tiebreaker|slight_favorite|starting_bucket_60_69|starting_price_0060|straight_sets|third_set_unknown|tiebreaker|uptrend_finish|winner,1.2912,20.3,38,52.74,0,2,3,0.0
2025-10-22T11:41:00+00:00,59.0,42.0,2_sets|crossed_50|crossed_60|crossed_70|crossed_75|crossed_80|crossed_90|early_cross_50|ending_bucket_90_99|ending_price_0099|first_set_winner|highly_oscillating_shape|large_range|large_single_move|many_reversals|medium_volatility|multi_crossed_60|multi_crossed_70|multi_crossed_75|multi_crossed_80|opponent_alexei_popyrin|player_matteo_berrettini|resolved_near_100|second_set_winner|set_1_tiebreaker|set_2_no_tiebreaker|slight_favorite|starting_bucket_60_69|starting_price_0060|straight_sets|third_set_unknown|tiebreaker|uptrend_finish|winner,1.2912,20.3,38,52.74,0,2,3,0.0
2025-10-22T11:42:00+00:00,57.02,42.0,2_sets|crossed_50|crossed_60|crossed_70|crossed_75|crossed_80|crossed_90|early_cross_50|ending_bucket_90_99|ending_price_0099|first_set_winner|highly_oscillating_shape|large_range|large_single_move|many_reversals|medium_volatility|multi_crossed_60|multi_crossed_70|multi_crossed_75|multi_crossed_80|opponent_alexei_popyrin|player_matteo_berrettini|resolved_near_100|second_set_winner|set_1_tiebreaker|set_2_no_tiebreaker|slight_favorite|starting_bucket_60_69|starting_price_0060|straight_sets|third_set_unknown|tiebreaker|uptrend_finish|winner,1.2912,20.3,38,52.74,0,2,3,0.0
2025-10-22T11:43:00+00:00,57.24,43.73,2_sets|crossed_50|crossed_60|crossed_70|crossed_75|crossed_80|crossed_90|early_cross_50|ending_bucket_90_99|ending_price_0099|first_set_winner|highly_oscillating_shape|large_range|large_single_move|many_reversals|medium_volatility|multi_crossed_60|multi_crossed_70|multi_crossed_75|multi_crossed_80|opponent_alexei_popyrin|player_matteo_berrettini|resolved_near_100|second_set_winner|set_1_tiebreaker|set_2_no_tiebreaker|slight_favorite|starting_bucket_60_69|starting_price_0060|straight_sets|third_set_unknown|tiebreaker|uptrend_finish|winner,1.2912,20.3,38,52.74,0,2,3,0.0
2025-10-22T11:44:00+00:00,64.18,47.59,2_sets|crossed_50|crossed_60|crossed_70|crossed_75|crossed_80|crossed_90|early_cross_50|ending_bucket_90_99|ending_price_0099|first_set_winner|highly_oscillating_shape|large_range|large_single_move|many_reversals|medium_volatility|multi_crossed_60|multi_crossed_70|multi_crossed_75|multi_crossed_80|opponent_alexei_popyrin|player_matteo_berrettini|resolved_near_100|second_set_winner|set_1_tiebreaker|set_2_no_tiebreaker|slight_favorite|starting_bucket_60_69|starting_price_0060|straight_sets|third_set_unknown|tiebreaker|uptrend_finish|winner,1.2912,20.3,38,52.74,0,2,3,0.0
2025-10-22T11:45:00+00:00,63.99,40.31,2_sets|crossed_50|crossed_60|crossed_70|crossed_75|crossed_80|crossed_90|early_cross_50|ending_bucket_90_99|ending_price_0099|first_set_winner|highly_oscillating_shape|large_range|large_single_move|many_reversals|medium_volatility|multi_crossed_60|multi_crossed_70|multi_crossed_75|multi_crossed_80|opponent_alexei_popyrin|player_matteo_berrettini|resolved_near_100|second_set_winner|set_1_tiebreaker|set_2_no_tiebreaker|slight_favorite|starting_bucket_60_69|starting_price_0060|straight_sets|third_set_unknown|tiebreaker|uptrend_finish|winner,1.2912,20.3,38,52.74,0,2,3,0.0
2025-10-22T11:46:00+00:00,62.0,41.19,2_sets|crossed_50|crossed_60|crossed_70|crossed_75|crossed_80|crossed_90|early_cross_50|ending_bucket_90_99|ending_price_0099|first_set_winner|highly_oscillating_shape|large_range|large_single_move|many_reversals|medium_volatility|multi_crossed_60|multi_crossed_70|multi_crossed_75|multi_crossed_80|opponent_alexei_popyrin|player_matteo_berrettini|resolved_near_100|second_set_winner|set_1_tiebreaker|set_2_no_tiebreaker|slight_favorite|starting_bucket_60_69|starting_price_0060|straight_sets|third_set_unknown|tiebreaker|uptrend_finish|winner,1.2912,20.3,38,52.74,0,2,3,0.0
2025-10-22T11:47:00+00:00,62.0,41.2,2_sets|crossed_50|crossed_60|crossed_70|crossed_75|crossed_80|crossed_90|early_cross_50|ending_bucket_90_99|ending_price_0099|first_set_winner|highly_oscillating_shape|large_range|large_single_move|many_reversals|medium_volatility|multi_crossed_60|multi_crossed_70|multi_crossed_75|multi_crossed_80|opponent_alexei_popyrin|player_matteo_berrettini|resolved_near_100|second_set_winner|set_1_tiebreaker|set_2_no_tiebreaker|slight_favorite|starting_bucket_60_69|starting_price_0060|straight_sets|third_set_unknown|tiebreaker|uptrend_finish|winner,1.2912,20.3,38,52.74,0,2,3,0.0
2025-10-22T11:48:00+00:00,57.0,42.0,2_sets|crossed_50|crossed_60|crossed_70|crossed_75|crossed_80|crossed_90|early_cross_50|ending_bucket_90_99|ending_price_0099|first_set_winner|highly_oscillating_shape|large_range|large_single_move|many_reversals|medium_volatility|multi_crossed_60|multi_crossed_70|multi_crossed_75|multi_crossed_80|opponent_alexei_popyrin|player_matteo_berrettini|resolved_near_100|second_set_winner|set_1_tiebreaker|set_2_no_tiebreaker|slight_favorite|starting_bucket_60_69|starting_price_0060|straight_sets|third_set_unknown|tiebreaker|uptrend_finish|winner,1.2912,20.3,38,52.74,0,2,3,0.0
2025-10-22T11:49:00+00:00,56.79,42.0,2_sets|crossed_50|crossed_60|crossed_70|crossed_75|crossed_80|crossed_90|early_cross_50|ending_bucket_90_99|ending_price_0099|first_set_winner|highly_oscillating_shape|large_range|large_single_move|many_reversals|medium_volatility|multi_crossed_60|multi_crossed_70|multi_crossed_75|multi_crossed_80|opponent_alexei_popyrin|player_matteo_berrettini|resolved_near_100|second_set_winner|set_1_tiebreaker|set_2_no_tiebreaker|slight_favorite|starting_bucket_60_69|starting_price_0060|straight_sets|third_set_unknown|tiebreaker|uptrend_finish|winner,1.2912,20.3,38,52.74,0,2,3,0.0
2025-10-22T11:50:00+00:00,59.12,42.0,2_sets|crossed_50|crossed_60|crossed_70|crossed_75|crossed_80|crossed_90|early_cross_50|ending_bucket_90_99|ending_price_0099|first_set_winner|highly_oscillating_shape|large_range|large_single_move|many_reversals|medium_volatility|multi_crossed_60|multi_crossed_70|multi_crossed_75|multi_crossed_80|opponent_alexei_popyrin|player_matteo_berrettini|resolved_near_100|second_set_winner|set_1_tiebreaker|set_2_no_tiebreaker|slight_favorite|starting_bucket_60_69|starting_price_0060|straight_sets|third_set_unknown|tiebreaker|uptrend_finish|winner,1.2912,20.3,38,52.74,0,2,3,0.0
2025-10-22T11:51:00+00:00,60.0,42.0,2_sets|crossed_50|crossed_60|crossed_70|crossed_75|crossed_80|crossed_90|early_cross_50|ending_bucket_90_99|ending_price_0099|first_set_winner|highly_oscillating_shape|large_range|large_single_move|many_reversals|medium_volatility|multi_crossed_60|multi_crossed_70|multi_crossed_75|multi_crossed_80|opponent_alexei_popyrin|player_matteo_berrettini|resolved_near_100|second_set_winner|set_1_tiebreaker|set_2_no_tiebreaker|slight_favorite|starting_bucket_60_69|starting_price_0060|straight_sets|third_set_unknown|tiebreaker|uptrend_finish|winner,1.2912,20.3,38,52.74,0,2,3,0.0
2025-10-22T11:52:00+00:00,60.0,43.0,2_sets|crossed_50|crossed_60|crossed_70|crossed_75|crossed_80|crossed_90|early_cross_50|ending_bucket_90_99|ending_price_0099|first_set_winner|highly_oscillating_shape|large_range|large_single_move|many_reversals|medium_volatility|multi_crossed_60|multi_crossed_70|multi_crossed_75|multi_crossed_80|opponent_alexei_popyrin|player_matteo_berrettini|resolved_near_100|second_set_winner|set_1_tiebreaker|set_2_no_tiebreaker|slight_favorite|starting_bucket_60_69|starting_price_0060|straight_sets|third_set_unknown|tiebreaker|uptrend_finish|winner,1.2912,20.3,38,52.74,0,2,3,0.0
2025-10-22T11:53:00+00:00,58.0,43.1,2_sets|crossed_50|crossed_60|crossed_70|crossed_75|crossed_80|crossed_90|early_cross_50|ending_bucket_90_99|ending_price_0099|first_set_winner|highly_oscillating_shape|large_range|large_single_move|many_reversals|medium_volatility|multi_crossed_60|multi_crossed_70|multi_crossed_75|multi_crossed_80|opponent_alexei_popyrin|player_matteo_berrettini|resolved_near_100|second_set_winner|set_1_tiebreaker|set_2_no_tiebreaker|slight_favorite|starting_bucket_60_69|starting_price_0060|straight_sets|third_set_unknown|tiebreaker|uptrend_finish|winner,1.2912,20.3,38,52.74,0,2,3,0.0
2025-10-22T11:54:00+00:00,58.0,45.67,2_sets|crossed_50|crossed_60|crossed_70|crossed_75|crossed_80|crossed_90|early_cross_50|ending_bucket_90_99|ending_price_0099|first_set_winner|highly_oscillating_shape|large_range|large_single_move|many_reversals|medium_volatility|multi_crossed_60|multi_crossed_70|multi_crossed_75|multi_crossed_80|opponent_alexei_popyrin|player_matteo_berrettini|resolved_near_100|second_set_winner|set_1_tiebreaker|set_2_no_tiebreaker|slight_favorite|starting_bucket_60_69|starting_price_0060|straight_sets|third_set_unknown|tiebreaker|uptrend_finish|winner,1.2912,20.3,38,52.74,0,2,3,0.0
2025-10-22T11:56:00+00:00,58.0,42.57,2_sets|crossed_50|crossed_60|crossed_70|crossed_75|crossed_80|crossed_90|early_cross_50|ending_bucket_90_99|ending_price_0099|first_set_winner|highly_oscillating_shape|large_range|large_single_move|many_reversals|medium_volatility|multi_crossed_60|multi_crossed_70|multi_crossed_75|multi_crossed_80|opponent_alexei_popyrin|player_matteo_berrettini|resolved_near_100|second_set_winner|set_1_tiebreaker|set_2_no_tiebreaker|slight_favorite|starting_bucket_60_69|starting_price_0060|straight_sets|third_set_unknown|tiebreaker|uptrend_finish|winner,1.2912,20.3,38,52.74,0,2,3,0.0
2025-10-22T11:57:00+00:00,58.26,42.57,2_sets|crossed_50|crossed_60|crossed_70|crossed_75|crossed_80|crossed_90|early_cross_50|ending_bucket_90_99|ending_price_0099|first_set_winner|highly_oscillating_shape|large_range|large_single_move|many_reversals|medium_volatility|multi_crossed_60|multi_crossed_70|multi_crossed_75|multi_crossed_80|opponent_alexei_popyrin|player_matteo_berrettini|resolved_near_100|second_set_winner|set_1_tiebreaker|set_2_no_tiebreaker|slight_favorite|starting_bucket_60_69|starting_price_0060|straight_sets|third_set_unknown|tiebreaker|uptrend_finish|winner,1.2912,20.3,38,52.74,0,2,3,0.0
2025-10-22T11:58:00+00:00,60.0,42.57,2_sets|crossed_50|crossed_60|crossed_70|crossed_75|crossed_80|crossed_90|early_cross_50|ending_bucket_90_99|ending_price_0099|first_set_winner|highly_oscillating_shape|large_range|large_single_move|many_reversals|medium_volatility|multi_crossed_60|multi_crossed_70|multi_crossed_75|multi_crossed_80|opponent_alexei_popyrin|player_matteo_berrettini|resolved_near_100|second_set_winner|set_1_tiebreaker|set_2_no_tiebreaker|slight_favorite|starting_bucket_60_69|starting_price_0060|straight_sets|third_set_unknown|tiebreaker|uptrend_finish|winner,1.2912,20.3,38,52.74,0,2,3,0.0
2025-10-22T11:59:00+00:00,60.0,42.0,2_sets|crossed_50|crossed_60|crossed_70|crossed_75|crossed_80|crossed_90|early_cross_50|ending_bucket_90_99|ending_price_0099|first_set_winner|highly_oscillating_shape|large_range|large_single_move|many_reversals|medium_volatility|multi_crossed_60|multi_crossed_70|multi_crossed_75|multi_crossed_80|opponent_alexei_popyrin|player_matteo_berrettini|resolved_near_100|second_set_winner|set_1_tiebreaker|set_2_no_tiebreaker|slight_favorite|starting_bucket_60_69|starting_price_0060|straight_sets|third_set_unknown|tiebreaker|uptrend_finish|winner,1.2912,20.3,38,52.74,0,2,3,0.0
2025-10-22T12:00:00+00:00,60.0,42.0,2_sets|crossed_50|crossed_60|crossed_70|crossed_75|crossed_80|crossed_90|early_cross_50|ending_bucket_90_99|ending_price_0099|first_set_winner|highly_oscillating_shape|large_range|large_single_move|many_reversals|medium_volatility|multi_crossed_60|multi_crossed_70|multi_crossed_75|multi_crossed_80|opponent_alexei_popyrin|player_matteo_berrettini|resolved_near_100|second_set_winner|set_1_tiebreaker|set_2_no_tiebreaker|slight_favorite|starting_bucket_60_69|starting_price_0060|straight_sets|third_set_unknown|tiebreaker|uptrend_finish|winner,1.2912,20.3,38,52.74,0,2,3,0.0
2025-10-22T12:01:00+00:00,58.72,42.86,2_sets|crossed_50|crossed_60|crossed_70|crossed_75|crossed_80|crossed_90|early_cross_50|ending_bucket_90_99|ending_price_0099|first_set_winner|highly_oscillating_shape|large_range|large_single_move|many_reversals|medium_volatility|multi_crossed_60|multi_crossed_70|multi_crossed_75|multi_crossed_80|opponent_alexei_popyrin|player_matteo_berrettini|resolved_near_100|second_set_winner|set_1_tiebreaker|set_2_no_tiebreaker|slight_favorite|starting_bucket_60_69|starting_price_0060|straight_sets|third_set_unknown|tiebreaker|uptrend_finish|winner,1.2912,20.3,38,52.74,0,2,3,0.0
2025-10-22T12:02:00+00:00,57.0,44.0,2_sets|crossed_50|crossed_60|crossed_70|crossed_75|crossed_80|crossed_90|early_cross_50|ending_bucket_90_99|ending_price_0099|first_set_winner|highly_oscillating_shape|large_range|large_single_move|many_reversals|medium_volatility|multi_crossed_60|multi_crossed_70|multi_crossed_75|multi_crossed_80|opponent_alexei_popyrin|player_matteo_berrettini|resolved_near_100|second_set_winner|set_1_tiebreaker|set_2_no_tiebreaker|slight_favorite|starting_bucket_60_69|starting_price_0060|straight_sets|third_set_unknown|tiebreaker|uptrend_finish|winner,1.2912,20.3,38,52.74,0,2,3,0.0
2025-10-22T12:03:00+00:00,59.64,44.0,2_sets|crossed_50|crossed_60|crossed_70|crossed_75|crossed_80|crossed_90|early_cross_50|ending_bucket_90_99|ending_price_0099|first_set_winner|highly_oscillating_shape|large_range|large_single_move|many_reversals|medium_volatility|multi_crossed_60|multi_crossed_70|multi_crossed_75|multi_crossed_80|opponent_alexei_popyrin|player_matteo_berrettini|resolved_near_100|second_set_winner|set_1_tiebreaker|set_2_no_tiebreaker|slight_favorite|starting_bucket_60_69|starting_price_0060|straight_sets|third_set_unknown|tiebreaker|uptrend_finish|winner,1.2912,20.3,38,52.74,0,2,3,0.0
2025-10-22T12:04:00+00:00,58.41,45.0,2_sets|crossed_50|crossed_60|crossed_70|crossed_75|crossed_80|crossed_90|early_cross_50|ending_bucket_90_99|ending_price_0099|first_set_winner|highly_oscillating_shape|large_range|large_single_move|many_reversals|medium_volatility|multi_crossed_60|multi_crossed_70|multi_crossed_75|multi_crossed_80|opponent_alexei_popyrin|player_matteo_berrettini|resolved_near_100|second_set_winner|set_1_tiebreaker|set_2_no_tiebreaker|slight_favorite|starting_bucket_60_69|starting_price_0060|straight_sets|third_set_unknown|tiebreaker|uptrend_finish|winner,1.2912,20.3,38,52.74,0,2,3,0.0
2025-10-22T12:05:00+00:00,60.0,45.0,2_sets|crossed_50|crossed_60|crossed_70|crossed_75|crossed_80|crossed_90|early_cross_50|ending_bucket_90_99|ending_price_0099|first_set_winner|highly_oscillating_shape|large_range|large_single_move|many_reversals|medium_volatility|multi_crossed_60|multi_crossed_70|multi_crossed_75|multi_crossed_80|opponent_alexei_popyrin|player_matteo_berrettini|resolved_near_100|second_set_winner|set_1_tiebreaker|set_2_no_tiebreaker|slight_favorite|starting_bucket_60_69|starting_price_0060|straight_sets|third_set_unknown|tiebreaker|uptrend_finish|winner,1.2912,20.3,38,52.74,0,2,3,0.0
2025-10-22T12:06:00+00:00,61.0,45.0,2_sets|crossed_50|crossed_60|crossed_70|crossed_75|crossed_80|crossed_90|early_cross_50|ending_bucket_90_99|ending_price_0099|first_set_winner|highly_oscillating_shape|large_range|large_single_move|many_reversals|medium_volatility|multi_crossed_60|multi_crossed_70|multi_crossed_75|multi_crossed_80|opponent_alexei_popyrin|player_matteo_berrettini|resolved_near_100|second_set_winner|set_1_tiebreaker|set_2_no_tiebreaker|slight_favorite|starting_bucket_60_69|starting_price_0060|straight_sets|third_set_unknown|tiebreaker|uptrend_finish|winner,1.2912,20.3,38,52.74,0,2,3,0.0
2025-10-22T12:07:00+00:00,60.0,43.0,2_sets|crossed_50|crossed_60|crossed_70|crossed_75|crossed_80|crossed_90|early_cross_50|ending_bucket_90_99|ending_price_0099|first_set_winner|highly_oscillating_shape|large_range|large_single_move|many_reversals|medium_volatility|multi_crossed_60|multi_crossed_70|multi_crossed_75|multi_crossed_80|opponent_alexei_popyrin|player_matteo_berrettini|resolved_near_100|second_set_winner|set_1_tiebreaker|set_2_no_tiebreaker|slight_favorite|starting_bucket_60_69|starting_price_0060|straight_sets|third_set_unknown|tiebreaker|uptrend_finish|winner,1.2912,20.3,38,52.74,0,2,3,0.0
2025-10-22T12:08:00+00:00,58.82,42.0,2_sets|crossed_50|crossed_60|crossed_70|crossed_75|crossed_80|crossed_90|early_cross_50|ending_bucket_90_99|ending_price_0099|first_set_winner|highly_oscillating_shape|large_range|large_single_move|many_reversals|medium_volatility|multi_crossed_60|multi_crossed_70|multi_crossed_75|multi_crossed_80|opponent_alexei_popyrin|player_matteo_berrettini|resolved_near_100|second_set_winner|set_1_tiebreaker|set_2_no_tiebreaker|slight_favorite|starting_bucket_60_69|starting_price_0060|straight_sets|third_set_unknown|tiebreaker|uptrend_finish|winner,1.2912,20.3,38,52.74,0,2,3,0.0
2025-10-22T12:09:00+00:00,57.53,43.0,2_sets|crossed_50|crossed_60|crossed_70|crossed_75|crossed_80|crossed_90|early_cross_50|ending_bucket_90_99|ending_price_0099|first_set_winner|highly_oscillating_shape|large_range|large_single_move|many_reversals|medium_volatility|multi_crossed_60|multi_crossed_70|multi_crossed_75|multi_crossed_80|opponent_alexei_popyrin|player_matteo_berrettini|resolved_near_100|second_set_winner|set_1_tiebreaker|set_2_no_tiebreaker|slight_favorite|starting_bucket_60_69|starting_price_0060|straight_sets|third_set_unknown|tiebreaker|uptrend_finish|winner,1.2912,20.3,38,52.74,0,2,3,0.0
2025-10-22T12:10:00+00:00,57.0,43.0,2_sets|crossed_50|crossed_60|crossed_70|crossed_75|crossed_80|crossed_90|early_cross_50|ending_bucket_90_99|ending_price_0099|first_set_winner|highly_oscillating_shape|large_range|large_single_move|many_reversals|medium_volatility|multi_crossed_60|multi_crossed_70|multi_crossed_75|multi_crossed_80|opponent_alexei_popyrin|player_matteo_berrettini|resolved_near_100|second_set_winner|set_1_tiebreaker|set_2_no_tiebreaker|slight_favorite|starting_bucket_60_69|starting_price_0060|straight_sets|third_set_unknown|tiebreaker|uptrend_finish|winner,1.2912,20.3,38,52.74,0,2,3,0.0
2025-10-22T12:11:00+00:00,57.24,53.38,2_sets|crossed_50|crossed_60|crossed_70|crossed_75|crossed_80|crossed_90|early_cross_50|ending_bucket_90_99|ending_price_0099|first_set_winner|highly_oscillating_shape|large_range|large_single_move|many_reversals|medium_volatility|multi_crossed_60|multi_crossed_70|multi_crossed_75|multi_crossed_80|opponent_alexei_popyrin|player_matteo_berrettini|resolved_near_100|second_set_winner|set_1_tiebreaker|set_2_no_tiebreaker|slight_favorite|starting_bucket_60_69|starting_price_0060|straight_sets|third_set_unknown|tiebreaker|uptrend_finish|winner,1.2912,20.3,38,52.74,0,2,3,0.0
2025-10-22T12:12:00+00:00,57.07,57.17,2_sets|crossed_50|crossed_60|crossed_70|crossed_75|crossed_80|crossed_90|early_cross_50|ending_bucket_90_99|ending_price_0099|first_set_winner|highly_oscillating_shape|large_range|large_single_move|many_reversals|medium_volatility|multi_crossed_60|multi_crossed_70|multi_crossed_75|multi_crossed_80|opponent_alexei_popyrin|player_matteo_berrettini|resolved_near_100|second_set_winner|set_1_tiebreaker|set_2_no_tiebreaker|slight_favorite|starting_bucket_60_69|starting_price_0060|straight_sets|third_set_unknown|tiebreaker|uptrend_finish|winner,1.2912,20.3,38,52.74,0,2,3,0.0
2025-10-22T12:13:00+00:00,53.13,52.38,2_sets|crossed_50|crossed_60|crossed_70|crossed_75|crossed_80|crossed_90|early_cross_50|ending_bucket_90_99|ending_price_0099|first_set_winner|highly_oscillating_shape|large_range|large_single_move|many_reversals|medium_volatility|multi_crossed_60|multi_crossed_70|multi_crossed_75|multi_crossed_80|opponent_alexei_popyrin|player_matteo_berrettini|resolved_near_100|second_set_winner|set_1_tiebreaker|set_2_no_tiebreaker|slight_favorite|starting_bucket_60_69|starting_price_0060|straight_sets|third_set_unknown|tiebreaker|uptrend_finish|winner,1.2912,20.3,38,52.74,0,2,3,0.0
2025-10-22T12:14:00+00:00,60.0,40.1,2_sets|crossed_50|crossed_60|crossed_70|crossed_75|crossed_80|crossed_90|early_cross_50|ending_bucket_90_99|ending_price_0099|first_set_winner|highly_oscillating_shape|large_range|large_single_move|many_reversals|medium_volatility|multi_crossed_60|multi_crossed_70|multi_crossed_75|multi_crossed_80|opponent_alexei_popyrin|player_matteo_berrettini|resolved_near_100|second_set_winner|set_1_tiebreaker|set_2_no_tiebreaker|slight_favorite|starting_bucket_60_69|starting_price_0060|straight_sets|third_set_unknown|tiebreaker|uptrend_finish|winner,1.2912,20.3,38,52.74,0,2,3,0.0
2025-10-22T12:15:00+00:00,59.0,41.41,2_sets|crossed_50|crossed_60|crossed_70|crossed_75|crossed_80|crossed_90|early_cross_50|ending_bucket_90_99|ending_price_0099|first_set_winner|highly_oscillating_shape|large_range|large_single_move|many_reversals|medium_volatility|multi_crossed_60|multi_crossed_70|multi_crossed_75|multi_crossed_80|opponent_alexei_popyrin|player_matteo_berrettini|resolved_near_100|second_set_winner|set_1_tiebreaker|set_2_no_tiebreaker|slight_favorite|starting_bucket_60_69|starting_price_0060|straight_sets|third_set_unknown|tiebreaker|uptrend_finish|winner,1.2912,20.3,38,52.74,0,2,3,0.0
2025-10-22T12:16:00+00:00,57.0,41.41,2_sets|crossed_50|crossed_60|crossed_70|crossed_75|crossed_80|crossed_90|early_cross_50|ending_bucket_90_99|ending_price_0099|first_set_winner|highly_oscillating_shape|large_range|large_single_move|many_reversals|medium_volatility|multi_crossed_60|multi_crossed_70|multi_crossed_75|multi_crossed_80|opponent_alexei_popyrin|player_matteo_berrettini|resolved_near_100|second_set_winner|set_1_tiebreaker|set_2_no_tiebreaker|slight_favorite|starting_bucket_60_69|starting_price_0060|straight_sets|third_set_unknown|tiebreaker|uptrend_finish|winner,1.2912,20.3,38,52.74,0,2,3,0.0
2025-10-22T12:17:00+00:00,61.33,40.01,2_sets|crossed_50|crossed_60|crossed_70|crossed_75|crossed_80|crossed_90|early_cross_50|ending_bucket_90_99|ending_price_0099|first_set_winner|highly_oscillating_shape|large_range|large_single_move|many_reversals|medium_volatility|multi_crossed_60|multi_crossed_70|multi_crossed_75|multi_crossed_80|opponent_alexei_popyrin|player_matteo_berrettini|resolved_near_100|second_set_winner|set_1_tiebreaker|set_2_no_tiebreaker|slight_favorite|starting_bucket_60_69|starting_price_0060|straight_sets|third_set_unknown|tiebreaker|uptrend_finish|winner,1.2912,20.3,38,52.74,0,2,3,0.0
2025-10-22T12:18:00+00:00,61.05,37.97,2_sets|crossed_50|crossed_60|crossed_70|crossed_75|crossed_80|crossed_90|early_cross_50|ending_bucket_90_99|ending_price_0099|first_set_winner|highly_oscillating_shape|large_range|large_single_move|many_reversals|medium_volatility|multi_crossed_60|multi_crossed_70|multi_crossed_75|multi_crossed_80|opponent_alexei_popyrin|player_matteo_berrettini|resolved_near_100|second_set_winner|set_1_tiebreaker|set_2_no_tiebreaker|slight_favorite|starting_bucket_60_69|starting_price_0060|straight_sets|third_set_unknown|tiebreaker|uptrend_finish|winner,1.2912,20.3,38,52.74,0,2,3,0.0
2025-10-22T12:19:00+00:00,62.73,39.87,2_sets|crossed_50|crossed_60|crossed_70|crossed_75|crossed_80|crossed_90|early_cross_50|ending_bucket_90_99|ending_price_0099|first_set_winner|highly_oscillating_shape|large_range|large_single_move|many_reversals|medium_volatility|multi_crossed_60|multi_crossed_70|multi_crossed_75|multi_crossed_80|opponent_alexei_popyrin|player_matteo_berrettini|resolved_near_100|second_set_winner|set_1_tiebreaker|set_2_no_tiebreaker|slight_favorite|starting_bucket_60_69|starting_price_0060|straight_sets|third_set_unknown|tiebreaker|uptrend_finish|winner,1.2912,20.3,38,52.74,0,2,3,0.0
2025-10-22T12:20:00+00:00,61.87,39.87,2_sets|crossed_50|crossed_60|crossed_70|crossed_75|crossed_80|crossed_90|early_cross_50|ending_bucket_90_99|ending_price_0099|first_set_winner|highly_oscillating_shape|large_range|large_single_move|many_reversals|medium_volatility|multi_crossed_60|multi_crossed_70|multi_crossed_75|multi_crossed_80|opponent_alexei_popyrin|player_matteo_berrettini|resolved_near_100|second_set_winner|set_1_tiebreaker|set_2_no_tiebreaker|slight_favorite|starting_bucket_60_69|starting_price_0060|straight_sets|third_set_unknown|tiebreaker|uptrend_finish|winner,1.2912,20.3,38,52.74,0,2,3,0.0
2025-10-22T12:21:00+00:00,58.21,41.8,2_sets|crossed_50|crossed_60|crossed_70|crossed_75|crossed_80|crossed_90|early_cross_50|ending_bucket_90_99|ending_price_0099|first_set_winner|highly_oscillating_shape|large_range|large_single_move|many_reversals|medium_volatility|multi_crossed_60|multi_crossed_70|multi_crossed_75|multi_crossed_80|opponent_alexei_popyrin|player_matteo_berrettini|resolved_near_100|second_set_winner|set_1_tiebreaker|set_2_no_tiebreaker|slight_favorite|starting_bucket_60_69|starting_price_0060|straight_sets|third_set_unknown|tiebreaker|uptrend_finish|winner,1.2912,20.3,38,52.74,0,2,3,0.0
2025-10-22T12:22:00+00:00,57.99,41.8,2_sets|crossed_50|crossed_60|crossed_70|crossed_75|crossed_80|crossed_90|early_cross_50|ending_bucket_90_99|ending_price_0099|first_set_winner|highly_oscillating_shape|large_range|large_single_move|many_reversals|medium_volatility|multi_crossed_60|multi_crossed_70|multi_crossed_75|multi_crossed_80|opponent_alexei_popyrin|player_matteo_berrettini|resolved_near_100|second_set_winner|set_1_tiebreaker|set_2_no_tiebreaker|slight_favorite|starting_bucket_60_69|starting_price_0060|straight_sets|third_set_unknown|tiebreaker|uptrend_finish|winner,1.2912,20.3,38,52.74,0,2,3,0.0
2025-10-22T12:23:00+00:00,63.05,41.8,2_sets|crossed_50|crossed_60|crossed_70|crossed_75|crossed_80|crossed_90|early_cross_50|ending_bucket_90_99|ending_price_0099|first_set_winner|highly_oscillating_shape|large_range|large_single_move|many_reversals|medium_volatility|multi_crossed_60|multi_crossed_70|multi_crossed_75|multi_crossed_80|opponent_alexei_popyrin|player_matteo_berrettini|resolved_near_100|second_set_winner|set_1_tiebreaker|set_2_no_tiebreaker|slight_favorite|starting_bucket_60_69|starting_price_0060|straight_sets|third_set_unknown|tiebreaker|uptrend_finish|winner,1.2912,20.3,38,52.74,0,2,3,0.0
2025-10-22T12:24:00+00:00,63.29,37.95,2_sets|crossed_50|crossed_60|crossed_70|crossed_75|crossed_80|crossed_90|early_cross_50|ending_bucket_90_99|ending_price_0099|first_set_winner|highly_oscillating_shape|large_range|large_single_move|many_reversals|medium_volatility|multi_crossed_60|multi_crossed_70|multi_crossed_75|multi_crossed_80|opponent_alexei_popyrin|player_matteo_berrettini|resolved_near_100|second_set_winner|set_1_tiebreaker|set_2_no_tiebreaker|slight_favorite|starting_bucket_60_69|starting_price_0060|straight_sets|third_set_unknown|tiebreaker|uptrend_finish|winner,1.2912,20.3,38,52.74,0,2,3,0.0
2025-10-22T12:25:00+00:00,63.29,38.0,2_sets|crossed_50|crossed_60|crossed_70|crossed_75|crossed_80|crossed_90|early_cross_50|ending_bucket_90_99|ending_price_0099|first_set_winner|highly_oscillating_shape|large_range|large_single_move|many_reversals|medium_volatility|multi_crossed_60|multi_crossed_70|multi_crossed_75|multi_crossed_80|opponent_alexei_popyrin|player_matteo_berrettini|resolved_near_100|second_set_winner|set_1_tiebreaker|set_2_no_tiebreaker|slight_favorite|starting_bucket_60_69|starting_price_0060|straight_sets|third_set_unknown|tiebreaker|uptrend_finish|winner,1.2912,20.3,38,52.74,0,2,3,0.0
2025-10-22T12:26:00+00:00,60.06,41.66,2_sets|crossed_50|crossed_60|crossed_70|crossed_75|crossed_80|crossed_90|early_cross_50|ending_bucket_90_99|ending_price_0099|first_set_winner|highly_oscillating_shape|large_range|large_single_move|many_reversals|medium_volatility|multi_crossed_60|multi_crossed_70|multi_crossed_75|multi_crossed_80|opponent_alexei_popyrin|player_matteo_berrettini|resolved_near_100|second_set_winner|set_1_tiebreaker|set_2_no_tiebreaker|slight_favorite|starting_bucket_60_69|starting_price_0060|straight_sets|third_set_unknown|tiebreaker|uptrend_finish|winner,1.2912,20.3,38,52.74,0,2,3,0.0
2025-10-22T12:27:00+00:00,59.48,43.17,2_sets|crossed_50|crossed_60|crossed_70|crossed_75|crossed_80|crossed_90|early_cross_50|ending_bucket_90_99|ending_price_0099|first_set_winner|highly_oscillating_shape|large_range|large_single_move|many_reversals|medium_volatility|multi_crossed_60|multi_crossed_70|multi_crossed_75|multi_crossed_80|opponent_alexei_popyrin|player_matteo_berrettini|resolved_near_100|second_set_winner|set_1_tiebreaker|set_2_no_tiebreaker|slight_favorite|starting_bucket_60_69|starting_price_0060|straight_sets|third_set_unknown|tiebreaker|uptrend_finish|winner,1.2912,20.3,38,52.74,0,2,3,0.0
2025-10-22T12:28:00+00:00,60.86,40.98,2_sets|crossed_50|crossed_60|crossed_70|crossed_75|crossed_80|crossed_90|early_cross_50|ending_bucket_90_99|ending_price_0099|first_set_winner|highly_oscillating_shape|large_range|large_single_move|many_reversals|medium_volatility|multi_crossed_60|multi_crossed_70|multi_crossed_75|multi_crossed_80|opponent_alexei_popyrin|player_matteo_berrettini|resolved_near_100|second_set_winner|set_1_tiebreaker|set_2_no_tiebreaker|slight_favorite|starting_bucket_60_69|starting_price_0060|straight_sets|third_set_unknown|tiebreaker|uptrend_finish|winner,1.2912,20.3,38,52.74,0,2,3,0.0
2025-10-22T12:29:00+00:00,68.33,33.81,2_sets|crossed_50|crossed_60|crossed_70|crossed_75|crossed_80|crossed_90|early_cross_50|ending_bucket_90_99|ending_price_0099|first_set_winner|highly_oscillating_shape|large_range|large_single_move|many_reversals|medium_volatility|multi_crossed_60|multi_crossed_70|multi_crossed_75|multi_crossed_80|opponent_alexei_popyrin|player_matteo_berrettini|resolved_near_100|second_set_winner|set_1_tiebreaker|set_2_no_tiebreaker|slight_favorite|starting_bucket_60_69|starting_price_0060|straight_sets|third_set_unknown|tiebreaker|uptrend_finish|winner,1.2912,20.3,38,52.74,0,2,3,0.0
2025-10-22T12:30:00+00:00,71.13,30.03,2_sets|crossed_50|crossed_60|crossed_70|crossed_75|crossed_80|crossed_90|early_cross_50|ending_bucket_90_99|ending_price_0099|first_set_winner|highly_oscillating_shape|large_range|large_single_move|many_reversals|medium_volatility|multi_crossed_60|multi_crossed_70|multi_crossed_75|multi_crossed_80|opponent_alexei_popyrin|player_matteo_berrettini|resolved_near_100|second_set_winner|set_1_tiebreaker|set_2_no_tiebreaker|slight_favorite|starting_bucket_60_69|starting_price_0060|straight_sets|third_set_unknown|tiebreaker|uptrend_finish|winner,1.2912,20.3,38,52.74,0,2,3,0.0
2025-10-22T12:31:00+00:00,72.12,28.51,2_sets|crossed_50|crossed_60|crossed_70|crossed_75|crossed_80|crossed_90|early_cross_50|ending_bucket_90_99|ending_price_0099|first_set_winner|highly_oscillating_shape|large_range|large_single_move|many_reversals|medium_volatility|multi_crossed_60|multi_crossed_70|multi_crossed_75|multi_crossed_80|opponent_alexei_popyrin|player_matteo_berrettini|resolved_near_100|second_set_winner|set_1_tiebreaker|set_2_no_tiebreaker|slight_favorite|starting_bucket_60_69|starting_price_0060|straight_sets|third_set_unknown|tiebreaker|uptrend_finish|winner,1.2912,20.3,38,52.74,0,2,3,0.0
2025-10-22T12:32:00+00:00,77.45,28.51,2_sets|crossed_50|crossed_60|crossed_70|crossed_75|crossed_80|crossed_90|early_cross_50|ending_bucket_90_99|ending_price_0099|first_set_winner|highly_oscillating_shape|large_range|large_single_move|many_reversals|medium_volatility|multi_crossed_60|multi_crossed_70|multi_crossed_75|multi_crossed_80|opponent_alexei_popyrin|player_matteo_berrettini|resolved_near_100|second_set_winner|set_1_tiebreaker|set_2_no_tiebreaker|slight_favorite|starting_bucket_60_69|starting_price_0060|straight_sets|third_set_unknown|tiebreaker|uptrend_finish|winner,1.2912,20.3,38,52.74,0,2,3,0.0
2025-10-22T12:33:00+00:00,60.55,40.01,2_sets|crossed_50|crossed_60|crossed_70|crossed_75|crossed_80|crossed_90|early_cross_50|ending_bucket_90_99|ending_price_0099|first_set_winner|highly_oscillating_shape|large_range|large_single_move|many_reversals|medium_volatility|multi_crossed_60|multi_crossed_70|multi_crossed_75|multi_crossed_80|opponent_alexei_popyrin|player_matteo_berrettini|resolved_near_100|second_set_winner|set_1_tiebreaker|set_2_no_tiebreaker|slight_favorite|starting_bucket_60_69|starting_price_0060|straight_sets|third_set_unknown|tiebreaker|uptrend_finish|winner,1.2912,20.3,38,52.74,0,2,3,0.0
2025-10-22T12:34:00+00:00,46.26,53.97,2_sets|crossed_50|crossed_60|crossed_70|crossed_75|crossed_80|crossed_90|early_cross_50|ending_bucket_90_99|ending_price_0099|first_set_winner|highly_oscillating_shape|large_range|large_single_move|many_reversals|medium_volatility|multi_crossed_60|multi_crossed_70|multi_crossed_75|multi_crossed_80|opponent_alexei_popyrin|player_matteo_berrettini|resolved_near_100|second_set_winner|set_1_tiebreaker|set_2_no_tiebreaker|slight_favorite|starting_bucket_60_69|starting_price_0060|straight_sets|third_set_unknown|tiebreaker|uptrend_finish|winner,1.2912,20.3,38,52.74,0,2,3,0.0
2025-10-22T12:35:00+00:00,51.02,52.03,2_sets|crossed_50|crossed_60|crossed_70|crossed_75|crossed_80|crossed_90|early_cross_50|ending_bucket_90_99|ending_price_0099|first_set_winner|highly_oscillating_shape|large_range|large_single_move|many_reversals|medium_volatility|multi_crossed_60|multi_crossed_70|multi_crossed_75|multi_crossed_80|opponent_alexei_popyrin|player_matteo_berrettini|resolved_near_100|second_set_winner|set_1_tiebreaker|set_2_no_tiebreaker|slight_favorite|starting_bucket_60_69|starting_price_0060|straight_sets|third_set_unknown|tiebreaker|uptrend_finish|winner,1.2912,20.3,38,52.74,0,2,3,0.0
2025-10-22T12:36:00+00:00,71.32,37.39,2_sets|crossed_50|crossed_60|crossed_70|crossed_75|crossed_80|crossed_90|early_cross_50|ending_bucket_90_99|ending_price_0099|first_set_winner|highly_oscillating_shape|large_range|large_single_move|many_reversals|medium_volatility|multi_crossed_60|multi_crossed_70|multi_crossed_75|multi_crossed_80|opponent_alexei_popyrin|player_matteo_berrettini|resolved_near_100|second_set_winner|set_1_tiebreaker|set_2_no_tiebreaker|slight_favorite|starting_bucket_60_69|starting_price_0060|straight_sets|third_set_unknown|tiebreaker|uptrend_finish|winner,1.2912,20.3,38,52.74,0,2,3,0.0
2025-10-22T12:37:00+00:00,80.0,17.83,2_sets|crossed_50|crossed_60|crossed_70|crossed_75|crossed_80|crossed_90|early_cross_50|ending_bucket_90_99|ending_price_0099|first_set_winner|highly_oscillating_shape|large_range|large_single_move|many_reversals|medium_volatility|multi_crossed_60|multi_crossed_70|multi_crossed_75|multi_crossed_80|opponent_alexei_popyrin|player_matteo_berrettini|resolved_near_100|second_set_winner|set_1_tiebreaker|set_2_no_tiebreaker|slight_favorite|starting_bucket_60_69|starting_price_0060|straight_sets|third_set_unknown|tiebreaker|uptrend_finish|winner,1.2912,20.3,38,52.74,0,2,3,0.0
2025-10-22T12:38:00+00:00,78.21,22.16,2_sets|crossed_50|crossed_60|crossed_70|crossed_75|crossed_80|crossed_90|early_cross_50|ending_bucket_90_99|ending_price_0099|first_set_winner|highly_oscillating_shape|large_range|large_single_move|many_reversals|medium_volatility|multi_crossed_60|multi_crossed_70|multi_crossed_75|multi_crossed_80|opponent_alexei_popyrin|player_matteo_berrettini|resolved_near_100|second_set_winner|set_1_tiebreaker|set_2_no_tiebreaker|slight_favorite|starting_bucket_60_69|starting_price_0060|straight_sets|third_set_unknown|tiebreaker|uptrend_finish|winner,1.2912,20.3,38,52.74,0,2,3,0.0
2025-10-22T12:39:00+00:00,77.24,24.1,2_sets|crossed_50|crossed_60|crossed_70|crossed_75|crossed_80|crossed_90|early_cross_50|ending_bucket_90_99|ending_price_0099|first_set_winner|highly_oscillating_shape|large_range|large_single_move|many_reversals|medium_volatility|multi_crossed_60|multi_crossed_70|multi_crossed_75|multi_crossed_80|opponent_alexei_popyrin|player_matteo_berrettini|resolved_near_100|second_set_winner|set_1_tiebreaker|set_2_no_tiebreaker|slight_favorite|starting_bucket_60_69|starting_price_0060|straight_sets|third_set_unknown|tiebreaker|uptrend_finish|winner,1.2912,20.3,38,52.74,0,2,3,0.0
2025-10-22T12:40:00+00:00,80.86,20.09,2_sets|crossed_50|crossed_60|crossed_70|crossed_75|crossed_80|crossed_90|early_cross_50|ending_bucket_90_99|ending_price_0099|first_set_winner|highly_oscillating_shape|large_range|large_single_move|many_reversals|medium_volatility|multi_crossed_60|multi_crossed_70|multi_crossed_75|multi_crossed_80|opponent_alexei_popyrin|player_matteo_berrettini|resolved_near_100|second_set_winner|set_1_tiebreaker|set_2_no_tiebreaker|slight_favorite|starting_bucket_60_69|starting_price_0060|straight_sets|third_set_unknown|tiebreaker|uptrend_finish|winner,1.2912,20.3,38,52.74,0,2,3,0.0
2025-10-22T12:41:00+00:00,80.0,21.97,2_sets|crossed_50|crossed_60|crossed_70|crossed_75|crossed_80|crossed_90|early_cross_50|ending_bucket_90_99|ending_price_0099|first_set_winner|highly_oscillating_shape|large_range|large_single_move|many_reversals|medium_volatility|multi_crossed_60|multi_crossed_70|multi_crossed_75|multi_crossed_80|opponent_alexei_popyrin|player_matteo_berrettini|resolved_near_100|second_set_winner|set_1_tiebreaker|set_2_no_tiebreaker|slight_favorite|starting_bucket_60_69|starting_price_0060|straight_sets|third_set_unknown|tiebreaker|uptrend_finish|winner,1.2912,20.3,38,52.74,0,2,3,0.0
2025-10-22T12:42:00+00:00,83.93,20.05,2_sets|crossed_50|crossed_60|crossed_70|crossed_75|crossed_80|crossed_90|early_cross_50|ending_bucket_90_99|ending_price_0099|first_set_winner|highly_oscillating_shape|large_range|large_single_move|many_reversals|medium_volatility|multi_crossed_60|multi_crossed_70|multi_crossed_75|multi_crossed_80|opponent_alexei_popyrin|player_matteo_berrettini|resolved_near_100|second_set_winner|set_1_tiebreaker|set_2_no_tiebreaker|slight_favorite|starting_bucket_60_69|starting_price_0060|straight_sets|third_set_unknown|tiebreaker|uptrend_finish|winner,1.2912,20.3,38,52.74,0,2,3,0.0
2025-10-22T12:43:00+00:00,83.93,23.0,2_sets|crossed_50|crossed_60|crossed_70|crossed_75|crossed_80|crossed_90|early_cross_50|ending_bucket_90_99|ending_price_0099|first_set_winner|highly_oscillating_shape|large_range|large_single_move|many_reversals|medium_volatility|multi_crossed_60|multi_crossed_70|multi_crossed_75|multi_crossed_80|opponent_alexei_popyrin|player_matteo_berrettini|resolved_near_100|second_set_winner|set_1_tiebreaker|set_2_no_tiebreaker|slight_favorite|starting_bucket_60_69|starting_price_0060|straight_sets|third_set_unknown|tiebreaker|uptrend_finish|winner,1.2912,20.3,38,52.74,0,2,3,0.0
2025-10-22T12:44:00+00:00,78.12,22.98,2_sets|crossed_50|crossed_60|crossed_70|crossed_75|crossed_80|crossed_90|early_cross_50|ending_bucket_90_99|ending_price_0099|first_set_winner|highly_oscillating_shape|large_range|large_single_move|many_reversals|medium_volatility|multi_crossed_60|multi_crossed_70|multi_crossed_75|multi_crossed_80|opponent_alexei_popyrin|player_matteo_berrettini|resolved_near_100|second_set_winner|set_1_tiebreaker|set_2_no_tiebreaker|slight_favorite|starting_bucket_60_69|starting_price_0060|straight_sets|third_set_unknown|tiebreaker|uptrend_finish|winner,1.2912,20.3,38,52.74,0,2,3,0.0
2025-10-22T12:45:00+00:00,76.04,25.88,2_sets|crossed_50|crossed_60|crossed_70|crossed_75|crossed_80|crossed_90|early_cross_50|ending_bucket_90_99|ending_price_0099|first_set_winner|highly_oscillating_shape|large_range|large_single_move|many_reversals|medium_volatility|multi_crossed_60|multi_crossed_70|multi_crossed_75|multi_crossed_80|opponent_alexei_popyrin|player_matteo_berrettini|resolved_near_100|second_set_winner|set_1_tiebreaker|set_2_no_tiebreaker|slight_favorite|starting_bucket_60_69|starting_price_0060|straight_sets|third_set_unknown|tiebreaker|uptrend_finish|winner,1.2912,20.3,38,52.74,0,2,3,0.0
2025-10-22T12:46:00+00:00,76.13,24.17,2_sets|crossed_50|crossed_60|crossed_70|crossed_75|crossed_80|crossed_90|early_cross_50|ending_bucket_90_99|ending_price_0099|first_set_winner|highly_oscillating_shape|large_range|large_single_move|many_reversals|medium_volatility|multi_crossed_60|multi_crossed_70|multi_crossed_75|multi_crossed_80|opponent_alexei_popyrin|player_matteo_berrettini|resolved_near_100|second_set_winner|set_1_tiebreaker|set_2_no_tiebreaker|slight_favorite|starting_bucket_60_69|starting_price_0060|straight_sets|third_set_unknown|tiebreaker|uptrend_finish|winner,1.2912,20.3,38,52.74,0,2,3,0.0
2025-10-22T12:47:00+00:00,79.0,22.05,2_sets|crossed_50|crossed_60|crossed_70|crossed_75|crossed_80|crossed_90|early_cross_50|ending_bucket_90_99|ending_price_0099|first_set_winner|highly_oscillating_shape|large_range|large_single_move|many_reversals|medium_volatility|multi_crossed_60|multi_crossed_70|multi_crossed_75|multi_crossed_80|opponent_alexei_popyrin|player_matteo_berrettini|resolved_near_100|second_set_winner|set_1_tiebreaker|set_2_no_tiebreaker|slight_favorite|starting_bucket_60_69|starting_price_0060|straight_sets|third_set_unknown|tiebreaker|uptrend_finish|winner,1.2912,20.3,38,52.74,0,2,3,0.0
2025-10-22T12:48:00+00:00,78.7,24.12,2_sets|crossed_50|crossed_60|crossed_70|crossed_75|crossed_80|crossed_90|early_cross_50|ending_bucket_90_99|ending_price_0099|first_set_winner|highly_oscillating_shape|large_range|large_single_move|many_reversals|medium_volatility|multi_crossed_60|multi_crossed_70|multi_crossed_75|multi_crossed_80|opponent_alexei_popyrin|player_matteo_berrettini|resolved_near_100|second_set_winner|set_1_tiebreaker|set_2_no_tiebreaker|slight_favorite|starting_bucket_60_69|starting_price_0060|straight_sets|third_set_unknown|tiebreaker|uptrend_finish|winner,1.2912,20.3,38,52.74,0,2,3,0.0
2025-10-22T12:49:00+00:00,76.78,23.76,2_sets|crossed_50|crossed_60|crossed_70|crossed_75|crossed_80|crossed_90|early_cross_50|ending_bucket_90_99|ending_price_0099|first_set_winner|highly_oscillating_shape|large_range|large_single_move|many_reversals|medium_volatility|multi_crossed_60|multi_crossed_70|multi_crossed_75|multi_crossed_80|opponent_alexei_popyrin|player_matteo_berrettini|resolved_near_100|second_set_winner|set_1_tiebreaker|set_2_no_tiebreaker|slight_favorite|starting_bucket_60_69|starting_price_0060|straight_sets|third_set_unknown|tiebreaker|uptrend_finish|winner,1.2912,20.3,38,52.74,0,2,3,0.0
2025-10-22T12:50:00+00:00,81.69,19.29,2_sets|crossed_50|crossed_60|crossed_70|crossed_75|crossed_80|crossed_90|early_cross_50|ending_bucket_90_99|ending_price_0099|first_set_winner|highly_oscillating_shape|large_range|large_single_move|many_reversals|medium_volatility|multi_crossed_60|multi_crossed_70|multi_crossed_75|multi_crossed_80|opponent_alexei_popyrin|player_matteo_berrettini|resolved_near_100|second_set_winner|set_1_tiebreaker|set_2_no_tiebreaker|slight_favorite|starting_bucket_60_69|starting_price_0060|straight_sets|third_set_unknown|tiebreaker|uptrend_finish|winner,1.2912,20.3,38,52.74,0,2,3,0.0
2025-10-22T12:51:00+00:00,85.25,15.43,2_sets|crossed_50|crossed_60|crossed_70|crossed_75|crossed_80|crossed_90|early_cross_50|ending_bucket_90_99|ending_price_0099|first_set_winner|highly_oscillating_shape|large_range|large_single_move|many_reversals|medium_volatility|multi_crossed_60|multi_crossed_70|multi_crossed_75|multi_crossed_80|opponent_alexei_popyrin|player_matteo_berrettini|resolved_near_100|second_set_winner|set_1_tiebreaker|set_2_no_tiebreaker|slight_favorite|starting_bucket_60_69|starting_price_0060|straight_sets|third_set_unknown|tiebreaker|uptrend_finish|winner,1.2912,20.3,38,52.74,0,2,3,0.0
2025-10-22T12:52:00+00:00,78.63,21.6,2_sets|crossed_50|crossed_60|crossed_70|crossed_75|crossed_80|crossed_90|early_cross_50|ending_bucket_90_99|ending_price_0099|first_set_winner|highly_oscillating_shape|large_range|large_single_move|many_reversals|medium_volatility|multi_crossed_60|multi_crossed_70|multi_crossed_75|multi_crossed_80|opponent_alexei_popyrin|player_matteo_berrettini|resolved_near_100|second_set_winner|set_1_tiebreaker|set_2_no_tiebreaker|slight_favorite|starting_bucket_60_69|starting_price_0060|straight_sets|third_set_unknown|tiebreaker|uptrend_finish|winner,1.2912,20.3,38,52.74,0,2,3,0.0
2025-10-22T12:53:00+00:00,79.0,23.43,2_sets|crossed_50|crossed_60|crossed_70|crossed_75|crossed_80|crossed_90|early_cross_50|ending_bucket_90_99|ending_price_0099|first_set_winner|highly_oscillating_shape|large_range|large_single_move|many_reversals|medium_volatility|multi_crossed_60|multi_crossed_70|multi_crossed_75|multi_crossed_80|opponent_alexei_popyrin|player_matteo_berrettini|resolved_near_100|second_set_winner|set_1_tiebreaker|set_2_no_tiebreaker|slight_favorite|starting_bucket_60_69|starting_price_0060|straight_sets|third_set_unknown|tiebreaker|uptrend_finish|winner,1.2912,20.3,38,52.74,0,2,3,0.0
2025-10-22T12:54:00+00:00,77.18,23.0,2_sets|crossed_50|crossed_60|crossed_70|crossed_75|crossed_80|crossed_90|early_cross_50|ending_bucket_90_99|ending_price_0099|first_set_winner|highly_oscillating_shape|large_range|large_single_move|many_reversals|medium_volatility|multi_crossed_60|multi_crossed_70|multi_crossed_75|multi_crossed_80|opponent_alexei_popyrin|player_matteo_berrettini|resolved_near_100|second_set_winner|set_1_tiebreaker|set_2_no_tiebreaker|slight_favorite|starting_bucket_60_69|starting_price_0060|straight_sets|third_set_unknown|tiebreaker|uptrend_finish|winner,1.2912,20.3,38,52.74,0,2,3,0.0
2025-10-22T12:55:00+00:00,80.91,22.04,2_sets|crossed_50|crossed_60|crossed_70|crossed_75|crossed_80|crossed_90|early_cross_50|ending_bucket_90_99|ending_price_0099|first_set_winner|highly_oscillating_shape|large_range|large_single_move|many_reversals|medium_volatility|multi_crossed_60|multi_crossed_70|multi_crossed_75|multi_crossed_80|opponent_alexei_popyrin|player_matteo_berrettini|resolved_near_100|second_set_winner|set_1_tiebreaker|set_2_no_tiebreaker|slight_favorite|starting_bucket_60_69|starting_price_0060|straight_sets|third_set_unknown|tiebreaker|uptrend_finish|winner,1.2912,20.3,38,52.74,0,2,3,0.0
2025-10-22T12:56:00+00:00,81.72,19.73,2_sets|crossed_50|crossed_60|crossed_70|crossed_75|crossed_80|crossed_90|early_cross_50|ending_bucket_90_99|ending_price_0099|first_set_winner|highly_oscillating_shape|large_range|large_single_move|many_reversals|medium_volatility|multi_crossed_60|multi_crossed_70|multi_crossed_75|multi_crossed_80|opponent_alexei_popyrin|player_matteo_berrettini|resolved_near_100|second_set_winner|set_1_tiebreaker|set_2_no_tiebreaker|slight_favorite|starting_bucket_60_69|starting_price_0060|straight_sets|third_set_unknown|tiebreaker|uptrend_finish|winner,1.2912,20.3,38,52.74,0,2,3,0.0
2025-10-22T12:57:00+00:00,80.83,20.03,2_sets|crossed_50|crossed_60|crossed_70|crossed_75|crossed_80|crossed_90|early_cross_50|ending_bucket_90_99|ending_price_0099|first_set_winner|highly_oscillating_shape|large_range|large_single_move|many_reversals|medium_volatility|multi_crossed_60|multi_crossed_70|multi_crossed_75|multi_crossed_80|opponent_alexei_popyrin|player_matteo_berrettini|resolved_near_100|second_set_winner|set_1_tiebreaker|set_2_no_tiebreaker|slight_favorite|starting_bucket_60_69|starting_price_0060|straight_sets|third_set_unknown|tiebreaker|uptrend_finish|winner,1.2912,20.3,38,52.74,0,2,3,0.0
2025-10-22T12:58:00+00:00,80.0,22.27,2_sets|crossed_50|crossed_60|crossed_70|crossed_75|crossed_80|crossed_90|early_cross_50|ending_bucket_90_99|ending_price_0099|first_set_winner|highly_oscillating_shape|large_range|large_single_move|many_reversals|medium_volatility|multi_crossed_60|multi_crossed_70|multi_crossed_75|multi_crossed_80|opponent_alexei_popyrin|player_matteo_berrettini|resolved_near_100|second_set_winner|set_1_tiebreaker|set_2_no_tiebreaker|slight_favorite|starting_bucket_60_69|starting_price_0060|straight_sets|third_set_unknown|tiebreaker|uptrend_finish|winner,1.2912,20.3,38,52.74,0,2,3,0.0
2025-10-22T12:59:00+00:00,78.95,22.36,2_sets|crossed_50|crossed_60|crossed_70|crossed_75|crossed_80|crossed_90|early_cross_50|ending_bucket_90_99|ending_price_0099|first_set_winner|highly_oscillating_shape|large_range|large_single_move|many_reversals|medium_volatility|multi_crossed_60|multi_crossed_70|multi_crossed_75|multi_crossed_80|opponent_alexei_popyrin|player_matteo_berrettini|resolved_near_100|second_set_winner|set_1_tiebreaker|set_2_no_tiebreaker|slight_favorite|starting_bucket_60_69|starting_price_0060|straight_sets|third_set_unknown|tiebreaker|uptrend_finish|winner,1.2912,20.3,38,52.74,0,2,3,0.0
2025-10-22T13:00:00+00:00,79.0,22.99,2_sets|crossed_50|crossed_60|crossed_70|crossed_75|crossed_80|crossed_90|early_cross_50|ending_bucket_90_99|ending_price_0099|first_set_winner|highly_oscillating_shape|large_range|large_single_move|many_reversals|medium_volatility|multi_crossed_60|multi_crossed_70|multi_crossed_75|multi_crossed_80|opponent_alexei_popyrin|player_matteo_berrettini|resolved_near_100|second_set_winner|set_1_tiebreaker|set_2_no_tiebreaker|slight_favorite|starting_bucket_60_69|starting_price_0060|straight_sets|third_set_unknown|tiebreaker|uptrend_finish|winner,1.2912,20.3,38,52.74,0,2,3,0.0
2025-10-22T13:01:00+00:00,84.42,19.28,2_sets|crossed_50|crossed_60|crossed_70|crossed_75|crossed_80|crossed_90|early_cross_50|ending_bucket_90_99|ending_price_0099|first_set_winner|highly_oscillating_shape|large_range|large_single_move|many_reversals|medium_volatility|multi_crossed_60|multi_crossed_70|multi_crossed_75|multi_crossed_80|opponent_alexei_popyrin|player_matteo_berrettini|resolved_near_100|second_set_winner|set_1_tiebreaker|set_2_no_tiebreaker|slight_favorite|starting_bucket_60_69|starting_price_0060|straight_sets|third_set_unknown|tiebreaker|uptrend_finish|winner,1.2912,20.3,38,52.74,0,2,3,0.0
2025-10-22T13:02:00+00:00,83.94,18.4,2_sets|crossed_50|crossed_60|crossed_70|crossed_75|crossed_80|crossed_90|early_cross_50|ending_bucket_90_99|ending_price_0099|first_set_winner|highly_oscillating_shape|large_range|large_single_move|many_reversals|medium_volatility|multi_crossed_60|multi_crossed_70|multi_crossed_75|multi_crossed_80|opponent_alexei_popyrin|player_matteo_berrettini|resolved_near_100|second_set_winner|set_1_tiebreaker|set_2_no_tiebreaker|slight_favorite|starting_bucket_60_69|starting_price_0060|straight_sets|third_set_unknown|tiebreaker|uptrend_finish|winner,1.2912,20.3,38,52.74,0,2,3,0.0
2025-10-22T13:03:00+00:00,88.01,14.41,2_sets|crossed_50|crossed_60|crossed_70|crossed_75|crossed_80|crossed_90|early_cross_50|ending_bucket_90_99|ending_price_0099|first_set_winner|highly_oscillating_shape|large_range|large_single_move|many_reversals|medium_volatility|multi_crossed_60|multi_crossed_70|multi_crossed_75|multi_crossed_80|opponent_alexei_popyrin|player_matteo_berrettini|resolved_near_100|second_set_winner|set_1_tiebreaker|set_2_no_tiebreaker|slight_favorite|starting_bucket_60_69|starting_price_0060|straight_sets|third_set_unknown|tiebreaker|uptrend_finish|winner,1.2912,20.3,38,52.74,0,2,3,0.0
2025-10-22T13:04:00+00:00,89.26,9.41,2_sets|crossed_50|crossed_60|crossed_70|crossed_75|crossed_80|crossed_90|early_cross_50|ending_bucket_90_99|ending_price_0099|first_set_winner|highly_oscillating_shape|large_range|large_single_move|many_reversals|medium_volatility|multi_crossed_60|multi_crossed_70|multi_crossed_75|multi_crossed_80|opponent_alexei_popyrin|player_matteo_berrettini|resolved_near_100|second_set_winner|set_1_tiebreaker|set_2_no_tiebreaker|slight_favorite|starting_bucket_60_69|starting_price_0060|straight_sets|third_set_unknown|tiebreaker|uptrend_finish|winner,1.2912,20.3,38,52.74,0,2,3,0.0
2025-10-22T13:05:00+00:00,97.62,3.0,2_sets|crossed_50|crossed_60|crossed_70|crossed_75|crossed_80|crossed_90|early_cross_50|ending_bucket_90_99|ending_price_0099|first_set_winner|highly_oscillating_shape|large_range|large_single_move|many_reversals|medium_volatility|multi_crossed_60|multi_crossed_70|multi_crossed_75|multi_crossed_80|opponent_alexei_popyrin|player_matteo_berrettini|resolved_near_100|second_set_winner|set_1_tiebreaker|set_2_no_tiebreaker|slight_favorite|starting_bucket_60_69|starting_price_0060|straight_sets|third_set_unknown|tiebreaker|uptrend_finish|winner,1.2912,20.3,38,52.74,0,2,3,0.0
2025-10-22T13:06:00+00:00,96.93,3.03,2_sets|crossed_50|crossed_60|crossed_70|crossed_75|crossed_80|crossed_90|early_cross_50|ending_bucket_90_99|ending_price_0099|first_set_winner|highly_oscillating_shape|large_range|large_single_move|many_reversals|medium_volatility|multi_crossed_60|multi_crossed_70|multi_crossed_75|multi_crossed_80|opponent_alexei_popyrin|player_matteo_berrettini|resolved_near_100|second_set_winner|set_1_tiebreaker|set_2_no_tiebreaker|slight_favorite|starting_bucket_60_69|starting_price_0060|straight_sets|third_set_unknown|tiebreaker|uptrend_finish|winner,1.2912,20.3,38,52.74,0,2,3,0.0
2025-10-22T13:07:00+00:00,96.85,2.63,2_sets|crossed_50|crossed_60|crossed_70|crossed_75|crossed_80|crossed_90|early_cross_50|ending_bucket_90_99|ending_price_0099|first_set_winner|highly_oscillating_shape|large_range|large_single_move|many_reversals|medium_volatility|multi_crossed_60|multi_crossed_70|multi_crossed_75|multi_crossed_80|opponent_alexei_popyrin|player_matteo_berrettini|resolved_near_100|second_set_winner|set_1_tiebreaker|set_2_no_tiebreaker|slight_favorite|starting_bucket_60_69|starting_price_0060|straight_sets|third_set_unknown|tiebreaker|uptrend_finish|winner,1.2912,20.3,38,52.74,0,2,3,0.0
2025-10-22T13:08:00+00:00,96.97,3.41,2_sets|crossed_50|crossed_60|crossed_70|crossed_75|crossed_80|crossed_90|early_cross_50|ending_bucket_90_99|ending_price_0099|first_set_winner|highly_oscillating_shape|large_range|large_single_move|many_reversals|medium_volatility|multi_crossed_60|multi_crossed_70|multi_crossed_75|multi_crossed_80|opponent_alexei_popyrin|player_matteo_berrettini|resolved_near_100|second_set_winner|set_1_tiebreaker|set_2_no_tiebreaker|slight_favorite|starting_bucket_60_69|starting_price_0060|straight_sets|third_set_unknown|tiebreaker|uptrend_finish|winner,1.2912,20.3,38,52.74,0,2,3,0.0
2025-10-22T13:09:00+00:00,96.98,3.8,2_sets|crossed_50|crossed_60|crossed_70|crossed_75|crossed_80|crossed_90|early_cross_50|ending_bucket_90_99|ending_price_0099|first_set_winner|highly_oscillating_shape|large_range|large_single_move|many_reversals|medium_volatility|multi_crossed_60|multi_crossed_70|multi_crossed_75|multi_crossed_80|opponent_alexei_popyrin|player_matteo_berrettini|resolved_near_100|second_set_winner|set_1_tiebreaker|set_2_no_tiebreaker|slight_favorite|starting_bucket_60_69|starting_price_0060|straight_sets|third_set_unknown|tiebreaker|uptrend_finish|winner,1.2912,20.3,38,52.74,0,2,3,0.0
2025-10-22T13:10:00+00:00,94.79,8.47,2_sets|crossed_50|crossed_60|crossed_70|crossed_75|crossed_80|crossed_90|early_cross_50|ending_bucket_90_99|ending_price_0099|first_set_winner|highly_oscillating_shape|large_range|large_single_move|many_reversals|medium_volatility|multi_crossed_60|multi_crossed_70|multi_crossed_75|multi_crossed_80|opponent_alexei_popyrin|player_matteo_berrettini|resolved_near_100|second_set_winner|set_1_tiebreaker|set_2_no_tiebreaker|slight_favorite|starting_bucket_60_69|starting_price_0060|straight_sets|third_set_unknown|tiebreaker|uptrend_finish|winner,1.2912,20.3,38,52.74,0,2,3,0.0
2025-10-22T13:11:00+00:00,94.72,4.68,2_sets|crossed_50|crossed_60|crossed_70|crossed_75|crossed_80|crossed_90|early_cross_50|ending_bucket_90_99|ending_price_0099|first_set_winner|highly_oscillating_shape|large_range|large_single_move|many_reversals|medium_volatility|multi_crossed_60|multi_crossed_70|multi_crossed_75|multi_crossed_80|opponent_alexei_popyrin|player_matteo_berrettini|resolved_near_100|second_set_winner|set_1_tiebreaker|set_2_no_tiebreaker|slight_favorite|starting_bucket_60_69|starting_price_0060|straight_sets|third_set_unknown|tiebreaker|uptrend_finish|winner,1.2912,20.3,38,52.74,0,2,3,0.0
2025-10-22T13:12:00+00:00,98.01,3.45,2_sets|crossed_50|crossed_60|crossed_70|crossed_75|crossed_80|crossed_90|early_cross_50|ending_bucket_90_99|ending_price_0099|first_set_winner|highly_oscillating_shape|large_range|large_single_move|many_reversals|medium_volatility|multi_crossed_60|multi_crossed_70|multi_crossed_75|multi_crossed_80|opponent_alexei_popyrin|player_matteo_berrettini|resolved_near_100|second_set_winner|set_1_tiebreaker|set_2_no_tiebreaker|slight_favorite|starting_bucket_60_69|starting_price_0060|straight_sets|third_set_unknown|tiebreaker|uptrend_finish|winner,1.2912,20.3,38,52.74,0,2,3,0.0
2025-10-22T13:13:00+00:00,97.97,3.0,2_sets|crossed_50|crossed_60|crossed_70|crossed_75|crossed_80|crossed_90|early_cross_50|ending_bucket_90_99|ending_price_0099|first_set_winner|highly_oscillating_shape|large_range|large_single_move|many_reversals|medium_volatility|multi_crossed_60|multi_crossed_70|multi_crossed_75|multi_crossed_80|opponent_alexei_popyrin|player_matteo_berrettini|resolved_near_100|second_set_winner|set_1_tiebreaker|set_2_no_tiebreaker|slight_favorite|starting_bucket_60_69|starting_price_0060|straight_sets|third_set_unknown|tiebreaker|uptrend_finish|winner,1.2912,20.3,38,52.74,0,2,3,0.0
2025-10-22T13:14:00+00:00,98.98,2.0,2_sets|crossed_50|crossed_60|crossed_70|crossed_75|crossed_80|crossed_90|early_cross_50|ending_bucket_90_99|ending_price_0099|first_set_winner|highly_oscillating_shape|large_range|large_single_move|many_reversals|medium_volatility|multi_crossed_60|multi_crossed_70|multi_crossed_75|multi_crossed_80|opponent_alexei_popyrin|player_matteo_berrettini|resolved_near_100|second_set_winner|set_1_tiebreaker|set_2_no_tiebreaker|slight_favorite|starting_bucket_60_69|starting_price_0060|straight_sets|third_set_unknown|tiebreaker|uptrend_finish|winner,1.2912,20.3,38,52.74,0,2,3,0.0
2025-10-22T13:15:00+00:00,98.98,1.0,2_sets|crossed_50|crossed_60|crossed_70|crossed_75|crossed_80|crossed_90|early_cross_50|ending_bucket_90_99|ending_price_0099|first_set_winner|highly_oscillating_shape|large_range|large_single_move|many_reversals|medium_volatility|multi_crossed_60|multi_crossed_70|multi_crossed_75|multi_crossed_80|opponent_alexei_popyrin|player_matteo_berrettini|resolved_near_100|second_set_winner|set_1_tiebreaker|set_2_no_tiebreaker|slight_favorite|starting_bucket_60_69|starting_price_0060|straight_sets|third_set_unknown|tiebreaker|uptrend_finish|winner,1.2912,20.3,38,52.74,0,2,3,0.0
2025-10-22T13:16:00+00:00,99.0,1.0,2_sets|crossed_50|crossed_60|crossed_70|crossed_75|crossed_80|crossed_90|early_cross_50|ending_bucket_90_99|ending_price_0099|first_set_winner|highly_oscillating_shape|large_range|large_single_move|many_reversals|medium_volatility|multi_crossed_60|multi_crossed_70|multi_crossed_75|multi_crossed_80|opponent_alexei_popyrin|player_matteo_berrettini|resolved_near_100|second_set_winner|set_1_tiebreaker|set_2_no_tiebreaker|slight_favorite|starting_bucket_60_69|starting_price_0060|straight_sets|third_set_unknown|tiebreaker|uptrend_finish|winner,1.2912,20.3,38,52.74,0,2,3,0.0
