timestamp,player_price,opponent_price,tags,volatility_score,max_single_move,direction_flips,range_points,crossings_25,crossings_50,crossings_75,first_cross_50_pct
2026-03-09T15:40:00+00:00,73.0,29.0,3_sets|crossed_25|crossed_30|crossed_40|crossed_50|crossed_60|crossed_70|crossed_75|crossed_80|crossed_90|drawdown_recovery|early_cross_50|ending_bucket_90_99|ending_price_0099|extreme_range|favorite|first_set_loser|high_volatility|highly_oscillating_shape|huge_range|large_single_move|many_reversals|multi_crossed_40|multi_crossed_50|multi_crossed_60|multi_crossed_70|multi_crossed_75|multi_crossed_80|no_tiebreaker|opponent_daniel_dutra_da_silva|player_joao_lucas_reis_da_silva|resolved_near_100|second_set_winner|set_1_no_tiebreaker|set_2_no_tiebreaker|set_3_no_tiebreaker|starting_bucket_70_79|starting_price_0073|third_set_winner|three_set_match|uptrend_finish|v_shape_recovery|winner,3.2839,19.34,64,77.09,2,8,3,0.0
2026-03-09T15:44:00+00:00,74.0,29.0,3_sets|crossed_25|crossed_30|crossed_40|crossed_50|crossed_60|crossed_70|crossed_75|crossed_80|crossed_90|drawdown_recovery|early_cross_50|ending_bucket_90_99|ending_price_0099|extreme_range|favorite|first_set_loser|high_volatility|highly_oscillating_shape|huge_range|large_single_move|many_reversals|multi_crossed_40|multi_crossed_50|multi_crossed_60|multi_crossed_70|multi_crossed_75|multi_crossed_80|no_tiebreaker|opponent_daniel_dutra_da_silva|player_joao_lucas_reis_da_silva|resolved_near_100|second_set_winner|set_1_no_tiebreaker|set_2_no_tiebreaker|set_3_no_tiebreaker|starting_bucket_70_79|starting_price_0073|third_set_winner|three_set_match|uptrend_finish|v_shape_recovery|winner,3.2839,19.34,64,77.09,2,8,3,0.0
2026-03-09T16:05:00+00:00,66.0,32.0,3_sets|crossed_25|crossed_30|crossed_40|crossed_50|crossed_60|crossed_70|crossed_75|crossed_80|crossed_90|drawdown_recovery|early_cross_50|ending_bucket_90_99|ending_price_0099|extreme_range|favorite|first_set_loser|high_volatility|highly_oscillating_shape|huge_range|large_single_move|many_reversals|multi_crossed_40|multi_crossed_50|multi_crossed_60|multi_crossed_70|multi_crossed_75|multi_crossed_80|no_tiebreaker|opponent_daniel_dutra_da_silva|player_joao_lucas_reis_da_silva|resolved_near_100|second_set_winner|set_1_no_tiebreaker|set_2_no_tiebreaker|set_3_no_tiebreaker|starting_bucket_70_79|starting_price_0073|third_set_winner|three_set_match|uptrend_finish|v_shape_recovery|winner,3.2839,19.34,64,77.09,2,8,3,0.0
2026-03-09T16:06:00+00:00,69.86,32.0,3_sets|crossed_25|crossed_30|crossed_40|crossed_50|crossed_60|crossed_70|crossed_75|crossed_80|crossed_90|drawdown_recovery|early_cross_50|ending_bucket_90_99|ending_price_0099|extreme_range|favorite|first_set_loser|high_volatility|highly_oscillating_shape|huge_range|large_single_move|many_reversals|multi_crossed_40|multi_crossed_50|multi_crossed_60|multi_crossed_70|multi_crossed_75|multi_crossed_80|no_tiebreaker|opponent_daniel_dutra_da_silva|player_joao_lucas_reis_da_silva|resolved_near_100|second_set_winner|set_1_no_tiebreaker|set_2_no_tiebreaker|set_3_no_tiebreaker|starting_bucket_70_79|starting_price_0073|third_set_winner|three_set_match|uptrend_finish|v_shape_recovery|winner,3.2839,19.34,64,77.09,2,8,3,0.0
2026-03-09T16:11:00+00:00,70.0,32.0,3_sets|crossed_25|crossed_30|crossed_40|crossed_50|crossed_60|crossed_70|crossed_75|crossed_80|crossed_90|drawdown_recovery|early_cross_50|ending_bucket_90_99|ending_price_0099|extreme_range|favorite|first_set_loser|high_volatility|highly_oscillating_shape|huge_range|large_single_move|many_reversals|multi_crossed_40|multi_crossed_50|multi_crossed_60|multi_crossed_70|multi_crossed_75|multi_crossed_80|no_tiebreaker|opponent_daniel_dutra_da_silva|player_joao_lucas_reis_da_silva|resolved_near_100|second_set_winner|set_1_no_tiebreaker|set_2_no_tiebreaker|set_3_no_tiebreaker|starting_bucket_70_79|starting_price_0073|third_set_winner|three_set_match|uptrend_finish|v_shape_recovery|winner,3.2839,19.34,64,77.09,2,8,3,0.0
2026-03-09T16:25:00+00:00,70.0,32.0,3_sets|crossed_25|crossed_30|crossed_40|crossed_50|crossed_60|crossed_70|crossed_75|crossed_80|crossed_90|drawdown_recovery|early_cross_50|ending_bucket_90_99|ending_price_0099|extreme_range|favorite|first_set_loser|high_volatility|highly_oscillating_shape|huge_range|large_single_move|many_reversals|multi_crossed_40|multi_crossed_50|multi_crossed_60|multi_crossed_70|multi_crossed_75|multi_crossed_80|no_tiebreaker|opponent_daniel_dutra_da_silva|player_joao_lucas_reis_da_silva|resolved_near_100|second_set_winner|set_1_no_tiebreaker|set_2_no_tiebreaker|set_3_no_tiebreaker|starting_bucket_70_79|starting_price_0073|third_set_winner|three_set_match|uptrend_finish|v_shape_recovery|winner,3.2839,19.34,64,77.09,2,8,3,0.0
2026-03-09T16:29:00+00:00,69.0,32.0,3_sets|crossed_25|crossed_30|crossed_40|crossed_50|crossed_60|crossed_70|crossed_75|crossed_80|crossed_90|drawdown_recovery|early_cross_50|ending_bucket_90_99|ending_price_0099|extreme_range|favorite|first_set_loser|high_volatility|highly_oscillating_shape|huge_range|large_single_move|many_reversals|multi_crossed_40|multi_crossed_50|multi_crossed_60|multi_crossed_70|multi_crossed_75|multi_crossed_80|no_tiebreaker|opponent_daniel_dutra_da_silva|player_joao_lucas_reis_da_silva|resolved_near_100|second_set_winner|set_1_no_tiebreaker|set_2_no_tiebreaker|set_3_no_tiebreaker|starting_bucket_70_79|starting_price_0073|third_set_winner|three_set_match|uptrend_finish|v_shape_recovery|winner,3.2839,19.34,64,77.09,2,8,3,0.0
2026-03-09T16:31:00+00:00,69.0,31.0,3_sets|crossed_25|crossed_30|crossed_40|crossed_50|crossed_60|crossed_70|crossed_75|crossed_80|crossed_90|drawdown_recovery|early_cross_50|ending_bucket_90_99|ending_price_0099|extreme_range|favorite|first_set_loser|high_volatility|highly_oscillating_shape|huge_range|large_single_move|many_reversals|multi_crossed_40|multi_crossed_50|multi_crossed_60|multi_crossed_70|multi_crossed_75|multi_crossed_80|no_tiebreaker|opponent_daniel_dutra_da_silva|player_joao_lucas_reis_da_silva|resolved_near_100|second_set_winner|set_1_no_tiebreaker|set_2_no_tiebreaker|set_3_no_tiebreaker|starting_bucket_70_79|starting_price_0073|third_set_winner|three_set_match|uptrend_finish|v_shape_recovery|winner,3.2839,19.34,64,77.09,2,8,3,0.0
2026-03-09T16:32:00+00:00,69.0,30.3,3_sets|crossed_25|crossed_30|crossed_40|crossed_50|crossed_60|crossed_70|crossed_75|crossed_80|crossed_90|drawdown_recovery|early_cross_50|ending_bucket_90_99|ending_price_0099|extreme_range|favorite|first_set_loser|high_volatility|highly_oscillating_shape|huge_range|large_single_move|many_reversals|multi_crossed_40|multi_crossed_50|multi_crossed_60|multi_crossed_70|multi_crossed_75|multi_crossed_80|no_tiebreaker|opponent_daniel_dutra_da_silva|player_joao_lucas_reis_da_silva|resolved_near_100|second_set_winner|set_1_no_tiebreaker|set_2_no_tiebreaker|set_3_no_tiebreaker|starting_bucket_70_79|starting_price_0073|third_set_winner|three_set_match|uptrend_finish|v_shape_recovery|winner,3.2839,19.34,64,77.09,2,8,3,0.0
2026-03-09T16:33:00+00:00,69.83,30.0,3_sets|crossed_25|crossed_30|crossed_40|crossed_50|crossed_60|crossed_70|crossed_75|crossed_80|crossed_90|drawdown_recovery|early_cross_50|ending_bucket_90_99|ending_price_0099|extreme_range|favorite|first_set_loser|high_volatility|highly_oscillating_shape|huge_range|large_single_move|many_reversals|multi_crossed_40|multi_crossed_50|multi_crossed_60|multi_crossed_70|multi_crossed_75|multi_crossed_80|no_tiebreaker|opponent_daniel_dutra_da_silva|player_joao_lucas_reis_da_silva|resolved_near_100|second_set_winner|set_1_no_tiebreaker|set_2_no_tiebreaker|set_3_no_tiebreaker|starting_bucket_70_79|starting_price_0073|third_set_winner|three_set_match|uptrend_finish|v_shape_recovery|winner,3.2839,19.34,64,77.09,2,8,3,0.0
2026-03-09T16:34:00+00:00,69.83,30.0,3_sets|crossed_25|crossed_30|crossed_40|crossed_50|crossed_60|crossed_70|crossed_75|crossed_80|crossed_90|drawdown_recovery|early_cross_50|ending_bucket_90_99|ending_price_0099|extreme_range|favorite|first_set_loser|high_volatility|highly_oscillating_shape|huge_range|large_single_move|many_reversals|multi_crossed_40|multi_crossed_50|multi_crossed_60|multi_crossed_70|multi_crossed_75|multi_crossed_80|no_tiebreaker|opponent_daniel_dutra_da_silva|player_joao_lucas_reis_da_silva|resolved_near_100|second_set_winner|set_1_no_tiebreaker|set_2_no_tiebreaker|set_3_no_tiebreaker|starting_bucket_70_79|starting_price_0073|third_set_winner|three_set_match|uptrend_finish|v_shape_recovery|winner,3.2839,19.34,64,77.09,2,8,3,0.0
2026-03-09T16:35:00+00:00,70.0,30.0,3_sets|crossed_25|crossed_30|crossed_40|crossed_50|crossed_60|crossed_70|crossed_75|crossed_80|crossed_90|drawdown_recovery|early_cross_50|ending_bucket_90_99|ending_price_0099|extreme_range|favorite|first_set_loser|high_volatility|highly_oscillating_shape|huge_range|large_single_move|many_reversals|multi_crossed_40|multi_crossed_50|multi_crossed_60|multi_crossed_70|multi_crossed_75|multi_crossed_80|no_tiebreaker|opponent_daniel_dutra_da_silva|player_joao_lucas_reis_da_silva|resolved_near_100|second_set_winner|set_1_no_tiebreaker|set_2_no_tiebreaker|set_3_no_tiebreaker|starting_bucket_70_79|starting_price_0073|third_set_winner|three_set_match|uptrend_finish|v_shape_recovery|winner,3.2839,19.34,64,77.09,2,8,3,0.0
2026-03-09T16:43:00+00:00,70.0,30.0,3_sets|crossed_25|crossed_30|crossed_40|crossed_50|crossed_60|crossed_70|crossed_75|crossed_80|crossed_90|drawdown_recovery|early_cross_50|ending_bucket_90_99|ending_price_0099|extreme_range|favorite|first_set_loser|high_volatility|highly_oscillating_shape|huge_range|large_single_move|many_reversals|multi_crossed_40|multi_crossed_50|multi_crossed_60|multi_crossed_70|multi_crossed_75|multi_crossed_80|no_tiebreaker|opponent_daniel_dutra_da_silva|player_joao_lucas_reis_da_silva|resolved_near_100|second_set_winner|set_1_no_tiebreaker|set_2_no_tiebreaker|set_3_no_tiebreaker|starting_bucket_70_79|starting_price_0073|third_set_winner|three_set_match|uptrend_finish|v_shape_recovery|winner,3.2839,19.34,64,77.09,2,8,3,0.0
2026-03-09T17:13:00+00:00,70.0,30.0,3_sets|crossed_25|crossed_30|crossed_40|crossed_50|crossed_60|crossed_70|crossed_75|crossed_80|crossed_90|drawdown_recovery|early_cross_50|ending_bucket_90_99|ending_price_0099|extreme_range|favorite|first_set_loser|high_volatility|highly_oscillating_shape|huge_range|large_single_move|many_reversals|multi_crossed_40|multi_crossed_50|multi_crossed_60|multi_crossed_70|multi_crossed_75|multi_crossed_80|no_tiebreaker|opponent_daniel_dutra_da_silva|player_joao_lucas_reis_da_silva|resolved_near_100|second_set_winner|set_1_no_tiebreaker|set_2_no_tiebreaker|set_3_no_tiebreaker|starting_bucket_70_79|starting_price_0073|third_set_winner|three_set_match|uptrend_finish|v_shape_recovery|winner,3.2839,19.34,64,77.09,2,8,3,0.0
2026-03-09T17:18:00+00:00,72.0,36.03,3_sets|crossed_25|crossed_30|crossed_40|crossed_50|crossed_60|crossed_70|crossed_75|crossed_80|crossed_90|drawdown_recovery|early_cross_50|ending_bucket_90_99|ending_price_0099|extreme_range|favorite|first_set_loser|high_volatility|highly_oscillating_shape|huge_range|large_single_move|many_reversals|multi_crossed_40|multi_crossed_50|multi_crossed_60|multi_crossed_70|multi_crossed_75|multi_crossed_80|no_tiebreaker|opponent_daniel_dutra_da_silva|player_joao_lucas_reis_da_silva|resolved_near_100|second_set_winner|set_1_no_tiebreaker|set_2_no_tiebreaker|set_3_no_tiebreaker|starting_bucket_70_79|starting_price_0073|third_set_winner|three_set_match|uptrend_finish|v_shape_recovery|winner,3.2839,19.34,64,77.09,2,8,3,0.0
2026-03-09T17:19:00+00:00,70.0,35.91,3_sets|crossed_25|crossed_30|crossed_40|crossed_50|crossed_60|crossed_70|crossed_75|crossed_80|crossed_90|drawdown_recovery|early_cross_50|ending_bucket_90_99|ending_price_0099|extreme_range|favorite|first_set_loser|high_volatility|highly_oscillating_shape|huge_range|large_single_move|many_reversals|multi_crossed_40|multi_crossed_50|multi_crossed_60|multi_crossed_70|multi_crossed_75|multi_crossed_80|no_tiebreaker|opponent_daniel_dutra_da_silva|player_joao_lucas_reis_da_silva|resolved_near_100|second_set_winner|set_1_no_tiebreaker|set_2_no_tiebreaker|set_3_no_tiebreaker|starting_bucket_70_79|starting_price_0073|third_set_winner|three_set_match|uptrend_finish|v_shape_recovery|winner,3.2839,19.34,64,77.09,2,8,3,0.0
2026-03-09T17:20:00+00:00,69.0,34.0,3_sets|crossed_25|crossed_30|crossed_40|crossed_50|crossed_60|crossed_70|crossed_75|crossed_80|crossed_90|drawdown_recovery|early_cross_50|ending_bucket_90_99|ending_price_0099|extreme_range|favorite|first_set_loser|high_volatility|highly_oscillating_shape|huge_range|large_single_move|many_reversals|multi_crossed_40|multi_crossed_50|multi_crossed_60|multi_crossed_70|multi_crossed_75|multi_crossed_80|no_tiebreaker|opponent_daniel_dutra_da_silva|player_joao_lucas_reis_da_silva|resolved_near_100|second_set_winner|set_1_no_tiebreaker|set_2_no_tiebreaker|set_3_no_tiebreaker|starting_bucket_70_79|starting_price_0073|third_set_winner|three_set_match|uptrend_finish|v_shape_recovery|winner,3.2839,19.34,64,77.09,2,8,3,0.0
2026-03-09T17:21:00+00:00,69.83,34.0,3_sets|crossed_25|crossed_30|crossed_40|crossed_50|crossed_60|crossed_70|crossed_75|crossed_80|crossed_90|drawdown_recovery|early_cross_50|ending_bucket_90_99|ending_price_0099|extreme_range|favorite|first_set_loser|high_volatility|highly_oscillating_shape|huge_range|large_single_move|many_reversals|multi_crossed_40|multi_crossed_50|multi_crossed_60|multi_crossed_70|multi_crossed_75|multi_crossed_80|no_tiebreaker|opponent_daniel_dutra_da_silva|player_joao_lucas_reis_da_silva|resolved_near_100|second_set_winner|set_1_no_tiebreaker|set_2_no_tiebreaker|set_3_no_tiebreaker|starting_bucket_70_79|starting_price_0073|third_set_winner|three_set_match|uptrend_finish|v_shape_recovery|winner,3.2839,19.34,64,77.09,2,8,3,0.0
2026-03-09T17:23:00+00:00,69.0,34.0,3_sets|crossed_25|crossed_30|crossed_40|crossed_50|crossed_60|crossed_70|crossed_75|crossed_80|crossed_90|drawdown_recovery|early_cross_50|ending_bucket_90_99|ending_price_0099|extreme_range|favorite|first_set_loser|high_volatility|highly_oscillating_shape|huge_range|large_single_move|many_reversals|multi_crossed_40|multi_crossed_50|multi_crossed_60|multi_crossed_70|multi_crossed_75|multi_crossed_80|no_tiebreaker|opponent_daniel_dutra_da_silva|player_joao_lucas_reis_da_silva|resolved_near_100|second_set_winner|set_1_no_tiebreaker|set_2_no_tiebreaker|set_3_no_tiebreaker|starting_bucket_70_79|starting_price_0073|third_set_winner|three_set_match|uptrend_finish|v_shape_recovery|winner,3.2839,19.34,64,77.09,2,8,3,0.0
2026-03-09T17:24:00+00:00,65.06,35.97,3_sets|crossed_25|crossed_30|crossed_40|crossed_50|crossed_60|crossed_70|crossed_75|crossed_80|crossed_90|drawdown_recovery|early_cross_50|ending_bucket_90_99|ending_price_0099|extreme_range|favorite|first_set_loser|high_volatility|highly_oscillating_shape|huge_range|large_single_move|many_reversals|multi_crossed_40|multi_crossed_50|multi_crossed_60|multi_crossed_70|multi_crossed_75|multi_crossed_80|no_tiebreaker|opponent_daniel_dutra_da_silva|player_joao_lucas_reis_da_silva|resolved_near_100|second_set_winner|set_1_no_tiebreaker|set_2_no_tiebreaker|set_3_no_tiebreaker|starting_bucket_70_79|starting_price_0073|third_set_winner|three_set_match|uptrend_finish|v_shape_recovery|winner,3.2839,19.34,64,77.09,2,8,3,0.0
2026-03-09T17:25:00+00:00,60.58,38.91,3_sets|crossed_25|crossed_30|crossed_40|crossed_50|crossed_60|crossed_70|crossed_75|crossed_80|crossed_90|drawdown_recovery|early_cross_50|ending_bucket_90_99|ending_price_0099|extreme_range|favorite|first_set_loser|high_volatility|highly_oscillating_shape|huge_range|large_single_move|many_reversals|multi_crossed_40|multi_crossed_50|multi_crossed_60|multi_crossed_70|multi_crossed_75|multi_crossed_80|no_tiebreaker|opponent_daniel_dutra_da_silva|player_joao_lucas_reis_da_silva|resolved_near_100|second_set_winner|set_1_no_tiebreaker|set_2_no_tiebreaker|set_3_no_tiebreaker|starting_bucket_70_79|starting_price_0073|third_set_winner|three_set_match|uptrend_finish|v_shape_recovery|winner,3.2839,19.34,64,77.09,2,8,3,0.0
2026-03-09T17:26:00+00:00,59.99,44.36,3_sets|crossed_25|crossed_30|crossed_40|crossed_50|crossed_60|crossed_70|crossed_75|crossed_80|crossed_90|drawdown_recovery|early_cross_50|ending_bucket_90_99|ending_price_0099|extreme_range|favorite|first_set_loser|high_volatility|highly_oscillating_shape|huge_range|large_single_move|many_reversals|multi_crossed_40|multi_crossed_50|multi_crossed_60|multi_crossed_70|multi_crossed_75|multi_crossed_80|no_tiebreaker|opponent_daniel_dutra_da_silva|player_joao_lucas_reis_da_silva|resolved_near_100|second_set_winner|set_1_no_tiebreaker|set_2_no_tiebreaker|set_3_no_tiebreaker|starting_bucket_70_79|starting_price_0073|third_set_winner|three_set_match|uptrend_finish|v_shape_recovery|winner,3.2839,19.34,64,77.09,2,8,3,0.0
2026-03-09T17:27:00+00:00,57.55,45.98,3_sets|crossed_25|crossed_30|crossed_40|crossed_50|crossed_60|crossed_70|crossed_75|crossed_80|crossed_90|drawdown_recovery|early_cross_50|ending_bucket_90_99|ending_price_0099|extreme_range|favorite|first_set_loser|high_volatility|highly_oscillating_shape|huge_range|large_single_move|many_reversals|multi_crossed_40|multi_crossed_50|multi_crossed_60|multi_crossed_70|multi_crossed_75|multi_crossed_80|no_tiebreaker|opponent_daniel_dutra_da_silva|player_joao_lucas_reis_da_silva|resolved_near_100|second_set_winner|set_1_no_tiebreaker|set_2_no_tiebreaker|set_3_no_tiebreaker|starting_bucket_70_79|starting_price_0073|third_set_winner|three_set_match|uptrend_finish|v_shape_recovery|winner,3.2839,19.34,64,77.09,2,8,3,0.0
2026-03-09T17:28:00+00:00,56.9,42.13,3_sets|crossed_25|crossed_30|crossed_40|crossed_50|crossed_60|crossed_70|crossed_75|crossed_80|crossed_90|drawdown_recovery|early_cross_50|ending_bucket_90_99|ending_price_0099|extreme_range|favorite|first_set_loser|high_volatility|highly_oscillating_shape|huge_range|large_single_move|many_reversals|multi_crossed_40|multi_crossed_50|multi_crossed_60|multi_crossed_70|multi_crossed_75|multi_crossed_80|no_tiebreaker|opponent_daniel_dutra_da_silva|player_joao_lucas_reis_da_silva|resolved_near_100|second_set_winner|set_1_no_tiebreaker|set_2_no_tiebreaker|set_3_no_tiebreaker|starting_bucket_70_79|starting_price_0073|third_set_winner|three_set_match|uptrend_finish|v_shape_recovery|winner,3.2839,19.34,64,77.09,2,8,3,0.0
2026-03-09T17:29:00+00:00,65.66,37.95,3_sets|crossed_25|crossed_30|crossed_40|crossed_50|crossed_60|crossed_70|crossed_75|crossed_80|crossed_90|drawdown_recovery|early_cross_50|ending_bucket_90_99|ending_price_0099|extreme_range|favorite|first_set_loser|high_volatility|highly_oscillating_shape|huge_range|large_single_move|many_reversals|multi_crossed_40|multi_crossed_50|multi_crossed_60|multi_crossed_70|multi_crossed_75|multi_crossed_80|no_tiebreaker|opponent_daniel_dutra_da_silva|player_joao_lucas_reis_da_silva|resolved_near_100|second_set_winner|set_1_no_tiebreaker|set_2_no_tiebreaker|set_3_no_tiebreaker|starting_bucket_70_79|starting_price_0073|third_set_winner|three_set_match|uptrend_finish|v_shape_recovery|winner,3.2839,19.34,64,77.09,2,8,3,0.0
2026-03-09T17:30:00+00:00,64.98,36.18,3_sets|crossed_25|crossed_30|crossed_40|crossed_50|crossed_60|crossed_70|crossed_75|crossed_80|crossed_90|drawdown_recovery|early_cross_50|ending_bucket_90_99|ending_price_0099|extreme_range|favorite|first_set_loser|high_volatility|highly_oscillating_shape|huge_range|large_single_move|many_reversals|multi_crossed_40|multi_crossed_50|multi_crossed_60|multi_crossed_70|multi_crossed_75|multi_crossed_80|no_tiebreaker|opponent_daniel_dutra_da_silva|player_joao_lucas_reis_da_silva|resolved_near_100|second_set_winner|set_1_no_tiebreaker|set_2_no_tiebreaker|set_3_no_tiebreaker|starting_bucket_70_79|starting_price_0073|third_set_winner|three_set_match|uptrend_finish|v_shape_recovery|winner,3.2839,19.34,64,77.09,2,8,3,0.0
2026-03-09T17:31:00+00:00,64.98,40.0,3_sets|crossed_25|crossed_30|crossed_40|crossed_50|crossed_60|crossed_70|crossed_75|crossed_80|crossed_90|drawdown_recovery|early_cross_50|ending_bucket_90_99|ending_price_0099|extreme_range|favorite|first_set_loser|high_volatility|highly_oscillating_shape|huge_range|large_single_move|many_reversals|multi_crossed_40|multi_crossed_50|multi_crossed_60|multi_crossed_70|multi_crossed_75|multi_crossed_80|no_tiebreaker|opponent_daniel_dutra_da_silva|player_joao_lucas_reis_da_silva|resolved_near_100|second_set_winner|set_1_no_tiebreaker|set_2_no_tiebreaker|set_3_no_tiebreaker|starting_bucket_70_79|starting_price_0073|third_set_winner|three_set_match|uptrend_finish|v_shape_recovery|winner,3.2839,19.34,64,77.09,2,8,3,0.0
2026-03-09T17:32:00+00:00,61.0,41.7,3_sets|crossed_25|crossed_30|crossed_40|crossed_50|crossed_60|crossed_70|crossed_75|crossed_80|crossed_90|drawdown_recovery|early_cross_50|ending_bucket_90_99|ending_price_0099|extreme_range|favorite|first_set_loser|high_volatility|highly_oscillating_shape|huge_range|large_single_move|many_reversals|multi_crossed_40|multi_crossed_50|multi_crossed_60|multi_crossed_70|multi_crossed_75|multi_crossed_80|no_tiebreaker|opponent_daniel_dutra_da_silva|player_joao_lucas_reis_da_silva|resolved_near_100|second_set_winner|set_1_no_tiebreaker|set_2_no_tiebreaker|set_3_no_tiebreaker|starting_bucket_70_79|starting_price_0073|third_set_winner|three_set_match|uptrend_finish|v_shape_recovery|winner,3.2839,19.34,64,77.09,2,8,3,0.0
2026-03-09T17:33:00+00:00,61.0,39.64,3_sets|crossed_25|crossed_30|crossed_40|crossed_50|crossed_60|crossed_70|crossed_75|crossed_80|crossed_90|drawdown_recovery|early_cross_50|ending_bucket_90_99|ending_price_0099|extreme_range|favorite|first_set_loser|high_volatility|highly_oscillating_shape|huge_range|large_single_move|many_reversals|multi_crossed_40|multi_crossed_50|multi_crossed_60|multi_crossed_70|multi_crossed_75|multi_crossed_80|no_tiebreaker|opponent_daniel_dutra_da_silva|player_joao_lucas_reis_da_silva|resolved_near_100|second_set_winner|set_1_no_tiebreaker|set_2_no_tiebreaker|set_3_no_tiebreaker|starting_bucket_70_79|starting_price_0073|third_set_winner|three_set_match|uptrend_finish|v_shape_recovery|winner,3.2839,19.34,64,77.09,2,8,3,0.0
2026-03-09T17:34:00+00:00,63.79,37.6,3_sets|crossed_25|crossed_30|crossed_40|crossed_50|crossed_60|crossed_70|crossed_75|crossed_80|crossed_90|drawdown_recovery|early_cross_50|ending_bucket_90_99|ending_price_0099|extreme_range|favorite|first_set_loser|high_volatility|highly_oscillating_shape|huge_range|large_single_move|many_reversals|multi_crossed_40|multi_crossed_50|multi_crossed_60|multi_crossed_70|multi_crossed_75|multi_crossed_80|no_tiebreaker|opponent_daniel_dutra_da_silva|player_joao_lucas_reis_da_silva|resolved_near_100|second_set_winner|set_1_no_tiebreaker|set_2_no_tiebreaker|set_3_no_tiebreaker|starting_bucket_70_79|starting_price_0073|third_set_winner|three_set_match|uptrend_finish|v_shape_recovery|winner,3.2839,19.34,64,77.09,2,8,3,0.0
2026-03-09T17:35:00+00:00,67.56,36.34,3_sets|crossed_25|crossed_30|crossed_40|crossed_50|crossed_60|crossed_70|crossed_75|crossed_80|crossed_90|drawdown_recovery|early_cross_50|ending_bucket_90_99|ending_price_0099|extreme_range|favorite|first_set_loser|high_volatility|highly_oscillating_shape|huge_range|large_single_move|many_reversals|multi_crossed_40|multi_crossed_50|multi_crossed_60|multi_crossed_70|multi_crossed_75|multi_crossed_80|no_tiebreaker|opponent_daniel_dutra_da_silva|player_joao_lucas_reis_da_silva|resolved_near_100|second_set_winner|set_1_no_tiebreaker|set_2_no_tiebreaker|set_3_no_tiebreaker|starting_bucket_70_79|starting_price_0073|third_set_winner|three_set_match|uptrend_finish|v_shape_recovery|winner,3.2839,19.34,64,77.09,2,8,3,0.0
2026-03-09T17:36:00+00:00,63.2,39.89,3_sets|crossed_25|crossed_30|crossed_40|crossed_50|crossed_60|crossed_70|crossed_75|crossed_80|crossed_90|drawdown_recovery|early_cross_50|ending_bucket_90_99|ending_price_0099|extreme_range|favorite|first_set_loser|high_volatility|highly_oscillating_shape|huge_range|large_single_move|many_reversals|multi_crossed_40|multi_crossed_50|multi_crossed_60|multi_crossed_70|multi_crossed_75|multi_crossed_80|no_tiebreaker|opponent_daniel_dutra_da_silva|player_joao_lucas_reis_da_silva|resolved_near_100|second_set_winner|set_1_no_tiebreaker|set_2_no_tiebreaker|set_3_no_tiebreaker|starting_bucket_70_79|starting_price_0073|third_set_winner|three_set_match|uptrend_finish|v_shape_recovery|winner,3.2839,19.34,64,77.09,2,8,3,0.0
2026-03-09T17:37:00+00:00,63.0,39.0,3_sets|crossed_25|crossed_30|crossed_40|crossed_50|crossed_60|crossed_70|crossed_75|crossed_80|crossed_90|drawdown_recovery|early_cross_50|ending_bucket_90_99|ending_price_0099|extreme_range|favorite|first_set_loser|high_volatility|highly_oscillating_shape|huge_range|large_single_move|many_reversals|multi_crossed_40|multi_crossed_50|multi_crossed_60|multi_crossed_70|multi_crossed_75|multi_crossed_80|no_tiebreaker|opponent_daniel_dutra_da_silva|player_joao_lucas_reis_da_silva|resolved_near_100|second_set_winner|set_1_no_tiebreaker|set_2_no_tiebreaker|set_3_no_tiebreaker|starting_bucket_70_79|starting_price_0073|third_set_winner|three_set_match|uptrend_finish|v_shape_recovery|winner,3.2839,19.34,64,77.09,2,8,3,0.0
2026-03-09T17:38:00+00:00,62.98,40.3,3_sets|crossed_25|crossed_30|crossed_40|crossed_50|crossed_60|crossed_70|crossed_75|crossed_80|crossed_90|drawdown_recovery|early_cross_50|ending_bucket_90_99|ending_price_0099|extreme_range|favorite|first_set_loser|high_volatility|highly_oscillating_shape|huge_range|large_single_move|many_reversals|multi_crossed_40|multi_crossed_50|multi_crossed_60|multi_crossed_70|multi_crossed_75|multi_crossed_80|no_tiebreaker|opponent_daniel_dutra_da_silva|player_joao_lucas_reis_da_silva|resolved_near_100|second_set_winner|set_1_no_tiebreaker|set_2_no_tiebreaker|set_3_no_tiebreaker|starting_bucket_70_79|starting_price_0073|third_set_winner|three_set_match|uptrend_finish|v_shape_recovery|winner,3.2839,19.34,64,77.09,2,8,3,0.0
2026-03-09T17:39:00+00:00,63.93,39.9,3_sets|crossed_25|crossed_30|crossed_40|crossed_50|crossed_60|crossed_70|crossed_75|crossed_80|crossed_90|drawdown_recovery|early_cross_50|ending_bucket_90_99|ending_price_0099|extreme_range|favorite|first_set_loser|high_volatility|highly_oscillating_shape|huge_range|large_single_move|many_reversals|multi_crossed_40|multi_crossed_50|multi_crossed_60|multi_crossed_70|multi_crossed_75|multi_crossed_80|no_tiebreaker|opponent_daniel_dutra_da_silva|player_joao_lucas_reis_da_silva|resolved_near_100|second_set_winner|set_1_no_tiebreaker|set_2_no_tiebreaker|set_3_no_tiebreaker|starting_bucket_70_79|starting_price_0073|third_set_winner|three_set_match|uptrend_finish|v_shape_recovery|winner,3.2839,19.34,64,77.09,2,8,3,0.0
2026-03-09T17:40:00+00:00,63.23,39.17,3_sets|crossed_25|crossed_30|crossed_40|crossed_50|crossed_60|crossed_70|crossed_75|crossed_80|crossed_90|drawdown_recovery|early_cross_50|ending_bucket_90_99|ending_price_0099|extreme_range|favorite|first_set_loser|high_volatility|highly_oscillating_shape|huge_range|large_single_move|many_reversals|multi_crossed_40|multi_crossed_50|multi_crossed_60|multi_crossed_70|multi_crossed_75|multi_crossed_80|no_tiebreaker|opponent_daniel_dutra_da_silva|player_joao_lucas_reis_da_silva|resolved_near_100|second_set_winner|set_1_no_tiebreaker|set_2_no_tiebreaker|set_3_no_tiebreaker|starting_bucket_70_79|starting_price_0073|third_set_winner|three_set_match|uptrend_finish|v_shape_recovery|winner,3.2839,19.34,64,77.09,2,8,3,0.0
2026-03-09T17:41:00+00:00,61.35,41.04,3_sets|crossed_25|crossed_30|crossed_40|crossed_50|crossed_60|crossed_70|crossed_75|crossed_80|crossed_90|drawdown_recovery|early_cross_50|ending_bucket_90_99|ending_price_0099|extreme_range|favorite|first_set_loser|high_volatility|highly_oscillating_shape|huge_range|large_single_move|many_reversals|multi_crossed_40|multi_crossed_50|multi_crossed_60|multi_crossed_70|multi_crossed_75|multi_crossed_80|no_tiebreaker|opponent_daniel_dutra_da_silva|player_joao_lucas_reis_da_silva|resolved_near_100|second_set_winner|set_1_no_tiebreaker|set_2_no_tiebreaker|set_3_no_tiebreaker|starting_bucket_70_79|starting_price_0073|third_set_winner|three_set_match|uptrend_finish|v_shape_recovery|winner,3.2839,19.34,64,77.09,2,8,3,0.0
2026-03-09T17:42:00+00:00,65.37,36.93,3_sets|crossed_25|crossed_30|crossed_40|crossed_50|crossed_60|crossed_70|crossed_75|crossed_80|crossed_90|drawdown_recovery|early_cross_50|ending_bucket_90_99|ending_price_0099|extreme_range|favorite|first_set_loser|high_volatility|highly_oscillating_shape|huge_range|large_single_move|many_reversals|multi_crossed_40|multi_crossed_50|multi_crossed_60|multi_crossed_70|multi_crossed_75|multi_crossed_80|no_tiebreaker|opponent_daniel_dutra_da_silva|player_joao_lucas_reis_da_silva|resolved_near_100|second_set_winner|set_1_no_tiebreaker|set_2_no_tiebreaker|set_3_no_tiebreaker|starting_bucket_70_79|starting_price_0073|third_set_winner|three_set_match|uptrend_finish|v_shape_recovery|winner,3.2839,19.34,64,77.09,2,8,3,0.0
2026-03-09T17:43:00+00:00,59.34,39.18,3_sets|crossed_25|crossed_30|crossed_40|crossed_50|crossed_60|crossed_70|crossed_75|crossed_80|crossed_90|drawdown_recovery|early_cross_50|ending_bucket_90_99|ending_price_0099|extreme_range|favorite|first_set_loser|high_volatility|highly_oscillating_shape|huge_range|large_single_move|many_reversals|multi_crossed_40|multi_crossed_50|multi_crossed_60|multi_crossed_70|multi_crossed_75|multi_crossed_80|no_tiebreaker|opponent_daniel_dutra_da_silva|player_joao_lucas_reis_da_silva|resolved_near_100|second_set_winner|set_1_no_tiebreaker|set_2_no_tiebreaker|set_3_no_tiebreaker|starting_bucket_70_79|starting_price_0073|third_set_winner|three_set_match|uptrend_finish|v_shape_recovery|winner,3.2839,19.34,64,77.09,2,8,3,0.0
2026-03-09T17:44:00+00:00,62.31,39.01,3_sets|crossed_25|crossed_30|crossed_40|crossed_50|crossed_60|crossed_70|crossed_75|crossed_80|crossed_90|drawdown_recovery|early_cross_50|ending_bucket_90_99|ending_price_0099|extreme_range|favorite|first_set_loser|high_volatility|highly_oscillating_shape|huge_range|large_single_move|many_reversals|multi_crossed_40|multi_crossed_50|multi_crossed_60|multi_crossed_70|multi_crossed_75|multi_crossed_80|no_tiebreaker|opponent_daniel_dutra_da_silva|player_joao_lucas_reis_da_silva|resolved_near_100|second_set_winner|set_1_no_tiebreaker|set_2_no_tiebreaker|set_3_no_tiebreaker|starting_bucket_70_79|starting_price_0073|third_set_winner|three_set_match|uptrend_finish|v_shape_recovery|winner,3.2839,19.34,64,77.09,2,8,3,0.0
2026-03-09T17:45:00+00:00,69.79,34.13,3_sets|crossed_25|crossed_30|crossed_40|crossed_50|crossed_60|crossed_70|crossed_75|crossed_80|crossed_90|drawdown_recovery|early_cross_50|ending_bucket_90_99|ending_price_0099|extreme_range|favorite|first_set_loser|high_volatility|highly_oscillating_shape|huge_range|large_single_move|many_reversals|multi_crossed_40|multi_crossed_50|multi_crossed_60|multi_crossed_70|multi_crossed_75|multi_crossed_80|no_tiebreaker|opponent_daniel_dutra_da_silva|player_joao_lucas_reis_da_silva|resolved_near_100|second_set_winner|set_1_no_tiebreaker|set_2_no_tiebreaker|set_3_no_tiebreaker|starting_bucket_70_79|starting_price_0073|third_set_winner|three_set_match|uptrend_finish|v_shape_recovery|winner,3.2839,19.34,64,77.09,2,8,3,0.0
2026-03-09T17:46:00+00:00,67.31,31.86,3_sets|crossed_25|crossed_30|crossed_40|crossed_50|crossed_60|crossed_70|crossed_75|crossed_80|crossed_90|drawdown_recovery|early_cross_50|ending_bucket_90_99|ending_price_0099|extreme_range|favorite|first_set_loser|high_volatility|highly_oscillating_shape|huge_range|large_single_move|many_reversals|multi_crossed_40|multi_crossed_50|multi_crossed_60|multi_crossed_70|multi_crossed_75|multi_crossed_80|no_tiebreaker|opponent_daniel_dutra_da_silva|player_joao_lucas_reis_da_silva|resolved_near_100|second_set_winner|set_1_no_tiebreaker|set_2_no_tiebreaker|set_3_no_tiebreaker|starting_bucket_70_79|starting_price_0073|third_set_winner|three_set_match|uptrend_finish|v_shape_recovery|winner,3.2839,19.34,64,77.09,2,8,3,0.0
2026-03-09T17:47:00+00:00,71.23,31.8,3_sets|crossed_25|crossed_30|crossed_40|crossed_50|crossed_60|crossed_70|crossed_75|crossed_80|crossed_90|drawdown_recovery|early_cross_50|ending_bucket_90_99|ending_price_0099|extreme_range|favorite|first_set_loser|high_volatility|highly_oscillating_shape|huge_range|large_single_move|many_reversals|multi_crossed_40|multi_crossed_50|multi_crossed_60|multi_crossed_70|multi_crossed_75|multi_crossed_80|no_tiebreaker|opponent_daniel_dutra_da_silva|player_joao_lucas_reis_da_silva|resolved_near_100|second_set_winner|set_1_no_tiebreaker|set_2_no_tiebreaker|set_3_no_tiebreaker|starting_bucket_70_79|starting_price_0073|third_set_winner|three_set_match|uptrend_finish|v_shape_recovery|winner,3.2839,19.34,64,77.09,2,8,3,0.0
2026-03-09T17:48:00+00:00,64.37,35.15,3_sets|crossed_25|crossed_30|crossed_40|crossed_50|crossed_60|crossed_70|crossed_75|crossed_80|crossed_90|drawdown_recovery|early_cross_50|ending_bucket_90_99|ending_price_0099|extreme_range|favorite|first_set_loser|high_volatility|highly_oscillating_shape|huge_range|large_single_move|many_reversals|multi_crossed_40|multi_crossed_50|multi_crossed_60|multi_crossed_70|multi_crossed_75|multi_crossed_80|no_tiebreaker|opponent_daniel_dutra_da_silva|player_joao_lucas_reis_da_silva|resolved_near_100|second_set_winner|set_1_no_tiebreaker|set_2_no_tiebreaker|set_3_no_tiebreaker|starting_bucket_70_79|starting_price_0073|third_set_winner|three_set_match|uptrend_finish|v_shape_recovery|winner,3.2839,19.34,64,77.09,2,8,3,0.0
2026-03-09T17:49:00+00:00,63.93,37.17,3_sets|crossed_25|crossed_30|crossed_40|crossed_50|crossed_60|crossed_70|crossed_75|crossed_80|crossed_90|drawdown_recovery|early_cross_50|ending_bucket_90_99|ending_price_0099|extreme_range|favorite|first_set_loser|high_volatility|highly_oscillating_shape|huge_range|large_single_move|many_reversals|multi_crossed_40|multi_crossed_50|multi_crossed_60|multi_crossed_70|multi_crossed_75|multi_crossed_80|no_tiebreaker|opponent_daniel_dutra_da_silva|player_joao_lucas_reis_da_silva|resolved_near_100|second_set_winner|set_1_no_tiebreaker|set_2_no_tiebreaker|set_3_no_tiebreaker|starting_bucket_70_79|starting_price_0073|third_set_winner|three_set_match|uptrend_finish|v_shape_recovery|winner,3.2839,19.34,64,77.09,2,8,3,0.0
2026-03-09T17:50:00+00:00,59.64,40.29,3_sets|crossed_25|crossed_30|crossed_40|crossed_50|crossed_60|crossed_70|crossed_75|crossed_80|crossed_90|drawdown_recovery|early_cross_50|ending_bucket_90_99|ending_price_0099|extreme_range|favorite|first_set_loser|high_volatility|highly_oscillating_shape|huge_range|large_single_move|many_reversals|multi_crossed_40|multi_crossed_50|multi_crossed_60|multi_crossed_70|multi_crossed_75|multi_crossed_80|no_tiebreaker|opponent_daniel_dutra_da_silva|player_joao_lucas_reis_da_silva|resolved_near_100|second_set_winner|set_1_no_tiebreaker|set_2_no_tiebreaker|set_3_no_tiebreaker|starting_bucket_70_79|starting_price_0073|third_set_winner|three_set_match|uptrend_finish|v_shape_recovery|winner,3.2839,19.34,64,77.09,2,8,3,0.0
2026-03-09T17:51:00+00:00,60.74,40.0,3_sets|crossed_25|crossed_30|crossed_40|crossed_50|crossed_60|crossed_70|crossed_75|crossed_80|crossed_90|drawdown_recovery|early_cross_50|ending_bucket_90_99|ending_price_0099|extreme_range|favorite|first_set_loser|high_volatility|highly_oscillating_shape|huge_range|large_single_move|many_reversals|multi_crossed_40|multi_crossed_50|multi_crossed_60|multi_crossed_70|multi_crossed_75|multi_crossed_80|no_tiebreaker|opponent_daniel_dutra_da_silva|player_joao_lucas_reis_da_silva|resolved_near_100|second_set_winner|set_1_no_tiebreaker|set_2_no_tiebreaker|set_3_no_tiebreaker|starting_bucket_70_79|starting_price_0073|third_set_winner|three_set_match|uptrend_finish|v_shape_recovery|winner,3.2839,19.34,64,77.09,2,8,3,0.0
2026-03-09T17:52:00+00:00,64.9,38.01,3_sets|crossed_25|crossed_30|crossed_40|crossed_50|crossed_60|crossed_70|crossed_75|crossed_80|crossed_90|drawdown_recovery|early_cross_50|ending_bucket_90_99|ending_price_0099|extreme_range|favorite|first_set_loser|high_volatility|highly_oscillating_shape|huge_range|large_single_move|many_reversals|multi_crossed_40|multi_crossed_50|multi_crossed_60|multi_crossed_70|multi_crossed_75|multi_crossed_80|no_tiebreaker|opponent_daniel_dutra_da_silva|player_joao_lucas_reis_da_silva|resolved_near_100|second_set_winner|set_1_no_tiebreaker|set_2_no_tiebreaker|set_3_no_tiebreaker|starting_bucket_70_79|starting_price_0073|third_set_winner|three_set_match|uptrend_finish|v_shape_recovery|winner,3.2839,19.34,64,77.09,2,8,3,0.0
2026-03-09T17:53:00+00:00,65.0,37.14,3_sets|crossed_25|crossed_30|crossed_40|crossed_50|crossed_60|crossed_70|crossed_75|crossed_80|crossed_90|drawdown_recovery|early_cross_50|ending_bucket_90_99|ending_price_0099|extreme_range|favorite|first_set_loser|high_volatility|highly_oscillating_shape|huge_range|large_single_move|many_reversals|multi_crossed_40|multi_crossed_50|multi_crossed_60|multi_crossed_70|multi_crossed_75|multi_crossed_80|no_tiebreaker|opponent_daniel_dutra_da_silva|player_joao_lucas_reis_da_silva|resolved_near_100|second_set_winner|set_1_no_tiebreaker|set_2_no_tiebreaker|set_3_no_tiebreaker|starting_bucket_70_79|starting_price_0073|third_set_winner|three_set_match|uptrend_finish|v_shape_recovery|winner,3.2839,19.34,64,77.09,2,8,3,0.0
2026-03-09T17:54:00+00:00,65.61,37.22,3_sets|crossed_25|crossed_30|crossed_40|crossed_50|crossed_60|crossed_70|crossed_75|crossed_80|crossed_90|drawdown_recovery|early_cross_50|ending_bucket_90_99|ending_price_0099|extreme_range|favorite|first_set_loser|high_volatility|highly_oscillating_shape|huge_range|large_single_move|many_reversals|multi_crossed_40|multi_crossed_50|multi_crossed_60|multi_crossed_70|multi_crossed_75|multi_crossed_80|no_tiebreaker|opponent_daniel_dutra_da_silva|player_joao_lucas_reis_da_silva|resolved_near_100|second_set_winner|set_1_no_tiebreaker|set_2_no_tiebreaker|set_3_no_tiebreaker|starting_bucket_70_79|starting_price_0073|third_set_winner|three_set_match|uptrend_finish|v_shape_recovery|winner,3.2839,19.34,64,77.09,2,8,3,0.0
2026-03-09T17:55:00+00:00,69.01,35.01,3_sets|crossed_25|crossed_30|crossed_40|crossed_50|crossed_60|crossed_70|crossed_75|crossed_80|crossed_90|drawdown_recovery|early_cross_50|ending_bucket_90_99|ending_price_0099|extreme_range|favorite|first_set_loser|high_volatility|highly_oscillating_shape|huge_range|large_single_move|many_reversals|multi_crossed_40|multi_crossed_50|multi_crossed_60|multi_crossed_70|multi_crossed_75|multi_crossed_80|no_tiebreaker|opponent_daniel_dutra_da_silva|player_joao_lucas_reis_da_silva|resolved_near_100|second_set_winner|set_1_no_tiebreaker|set_2_no_tiebreaker|set_3_no_tiebreaker|starting_bucket_70_79|starting_price_0073|third_set_winner|three_set_match|uptrend_finish|v_shape_recovery|winner,3.2839,19.34,64,77.09,2,8,3,0.0
2026-03-09T17:56:00+00:00,64.47,37.08,3_sets|crossed_25|crossed_30|crossed_40|crossed_50|crossed_60|crossed_70|crossed_75|crossed_80|crossed_90|drawdown_recovery|early_cross_50|ending_bucket_90_99|ending_price_0099|extreme_range|favorite|first_set_loser|high_volatility|highly_oscillating_shape|huge_range|large_single_move|many_reversals|multi_crossed_40|multi_crossed_50|multi_crossed_60|multi_crossed_70|multi_crossed_75|multi_crossed_80|no_tiebreaker|opponent_daniel_dutra_da_silva|player_joao_lucas_reis_da_silva|resolved_near_100|second_set_winner|set_1_no_tiebreaker|set_2_no_tiebreaker|set_3_no_tiebreaker|starting_bucket_70_79|starting_price_0073|third_set_winner|three_set_match|uptrend_finish|v_shape_recovery|winner,3.2839,19.34,64,77.09,2,8,3,0.0
2026-03-09T17:57:00+00:00,62.64,40.32,3_sets|crossed_25|crossed_30|crossed_40|crossed_50|crossed_60|crossed_70|crossed_75|crossed_80|crossed_90|drawdown_recovery|early_cross_50|ending_bucket_90_99|ending_price_0099|extreme_range|favorite|first_set_loser|high_volatility|highly_oscillating_shape|huge_range|large_single_move|many_reversals|multi_crossed_40|multi_crossed_50|multi_crossed_60|multi_crossed_70|multi_crossed_75|multi_crossed_80|no_tiebreaker|opponent_daniel_dutra_da_silva|player_joao_lucas_reis_da_silva|resolved_near_100|second_set_winner|set_1_no_tiebreaker|set_2_no_tiebreaker|set_3_no_tiebreaker|starting_bucket_70_79|starting_price_0073|third_set_winner|three_set_match|uptrend_finish|v_shape_recovery|winner,3.2839,19.34,64,77.09,2,8,3,0.0
2026-03-09T17:58:00+00:00,58.56,40.8,3_sets|crossed_25|crossed_30|crossed_40|crossed_50|crossed_60|crossed_70|crossed_75|crossed_80|crossed_90|drawdown_recovery|early_cross_50|ending_bucket_90_99|ending_price_0099|extreme_range|favorite|first_set_loser|high_volatility|highly_oscillating_shape|huge_range|large_single_move|many_reversals|multi_crossed_40|multi_crossed_50|multi_crossed_60|multi_crossed_70|multi_crossed_75|multi_crossed_80|no_tiebreaker|opponent_daniel_dutra_da_silva|player_joao_lucas_reis_da_silva|resolved_near_100|second_set_winner|set_1_no_tiebreaker|set_2_no_tiebreaker|set_3_no_tiebreaker|starting_bucket_70_79|starting_price_0073|third_set_winner|three_set_match|uptrend_finish|v_shape_recovery|winner,3.2839,19.34,64,77.09,2,8,3,0.0
2026-03-09T17:59:00+00:00,49.64,49.53,3_sets|crossed_25|crossed_30|crossed_40|crossed_50|crossed_60|crossed_70|crossed_75|crossed_80|crossed_90|drawdown_recovery|early_cross_50|ending_bucket_90_99|ending_price_0099|extreme_range|favorite|first_set_loser|high_volatility|highly_oscillating_shape|huge_range|large_single_move|many_reversals|multi_crossed_40|multi_crossed_50|multi_crossed_60|multi_crossed_70|multi_crossed_75|multi_crossed_80|no_tiebreaker|opponent_daniel_dutra_da_silva|player_joao_lucas_reis_da_silva|resolved_near_100|second_set_winner|set_1_no_tiebreaker|set_2_no_tiebreaker|set_3_no_tiebreaker|starting_bucket_70_79|starting_price_0073|third_set_winner|three_set_match|uptrend_finish|v_shape_recovery|winner,3.2839,19.34,64,77.09,2,8,3,0.0
2026-03-09T18:00:00+00:00,48.14,53.2,3_sets|crossed_25|crossed_30|crossed_40|crossed_50|crossed_60|crossed_70|crossed_75|crossed_80|crossed_90|drawdown_recovery|early_cross_50|ending_bucket_90_99|ending_price_0099|extreme_range|favorite|first_set_loser|high_volatility|highly_oscillating_shape|huge_range|large_single_move|many_reversals|multi_crossed_40|multi_crossed_50|multi_crossed_60|multi_crossed_70|multi_crossed_75|multi_crossed_80|no_tiebreaker|opponent_daniel_dutra_da_silva|player_joao_lucas_reis_da_silva|resolved_near_100|second_set_winner|set_1_no_tiebreaker|set_2_no_tiebreaker|set_3_no_tiebreaker|starting_bucket_70_79|starting_price_0073|third_set_winner|three_set_match|uptrend_finish|v_shape_recovery|winner,3.2839,19.34,64,77.09,2,8,3,0.0
2026-03-09T18:01:00+00:00,42.69,59.15,3_sets|crossed_25|crossed_30|crossed_40|crossed_50|crossed_60|crossed_70|crossed_75|crossed_80|crossed_90|drawdown_recovery|early_cross_50|ending_bucket_90_99|ending_price_0099|extreme_range|favorite|first_set_loser|high_volatility|highly_oscillating_shape|huge_range|large_single_move|many_reversals|multi_crossed_40|multi_crossed_50|multi_crossed_60|multi_crossed_70|multi_crossed_75|multi_crossed_80|no_tiebreaker|opponent_daniel_dutra_da_silva|player_joao_lucas_reis_da_silva|resolved_near_100|second_set_winner|set_1_no_tiebreaker|set_2_no_tiebreaker|set_3_no_tiebreaker|starting_bucket_70_79|starting_price_0073|third_set_winner|three_set_match|uptrend_finish|v_shape_recovery|winner,3.2839,19.34,64,77.09,2,8,3,0.0
2026-03-09T18:02:00+00:00,43.57,56.49,3_sets|crossed_25|crossed_30|crossed_40|crossed_50|crossed_60|crossed_70|crossed_75|crossed_80|crossed_90|drawdown_recovery|early_cross_50|ending_bucket_90_99|ending_price_0099|extreme_range|favorite|first_set_loser|high_volatility|highly_oscillating_shape|huge_range|large_single_move|many_reversals|multi_crossed_40|multi_crossed_50|multi_crossed_60|multi_crossed_70|multi_crossed_75|multi_crossed_80|no_tiebreaker|opponent_daniel_dutra_da_silva|player_joao_lucas_reis_da_silva|resolved_near_100|second_set_winner|set_1_no_tiebreaker|set_2_no_tiebreaker|set_3_no_tiebreaker|starting_bucket_70_79|starting_price_0073|third_set_winner|three_set_match|uptrend_finish|v_shape_recovery|winner,3.2839,19.34,64,77.09,2,8,3,0.0
2026-03-09T18:03:00+00:00,41.43,61.43,3_sets|crossed_25|crossed_30|crossed_40|crossed_50|crossed_60|crossed_70|crossed_75|crossed_80|crossed_90|drawdown_recovery|early_cross_50|ending_bucket_90_99|ending_price_0099|extreme_range|favorite|first_set_loser|high_volatility|highly_oscillating_shape|huge_range|large_single_move|many_reversals|multi_crossed_40|multi_crossed_50|multi_crossed_60|multi_crossed_70|multi_crossed_75|multi_crossed_80|no_tiebreaker|opponent_daniel_dutra_da_silva|player_joao_lucas_reis_da_silva|resolved_near_100|second_set_winner|set_1_no_tiebreaker|set_2_no_tiebreaker|set_3_no_tiebreaker|starting_bucket_70_79|starting_price_0073|third_set_winner|three_set_match|uptrend_finish|v_shape_recovery|winner,3.2839,19.34,64,77.09,2,8,3,0.0
2026-03-09T18:04:00+00:00,34.74,65.85,3_sets|crossed_25|crossed_30|crossed_40|crossed_50|crossed_60|crossed_70|crossed_75|crossed_80|crossed_90|drawdown_recovery|early_cross_50|ending_bucket_90_99|ending_price_0099|extreme_range|favorite|first_set_loser|high_volatility|highly_oscillating_shape|huge_range|large_single_move|many_reversals|multi_crossed_40|multi_crossed_50|multi_crossed_60|multi_crossed_70|multi_crossed_75|multi_crossed_80|no_tiebreaker|opponent_daniel_dutra_da_silva|player_joao_lucas_reis_da_silva|resolved_near_100|second_set_winner|set_1_no_tiebreaker|set_2_no_tiebreaker|set_3_no_tiebreaker|starting_bucket_70_79|starting_price_0073|third_set_winner|three_set_match|uptrend_finish|v_shape_recovery|winner,3.2839,19.34,64,77.09,2,8,3,0.0
2026-03-09T18:05:00+00:00,35.04,66.07,3_sets|crossed_25|crossed_30|crossed_40|crossed_50|crossed_60|crossed_70|crossed_75|crossed_80|crossed_90|drawdown_recovery|early_cross_50|ending_bucket_90_99|ending_price_0099|extreme_range|favorite|first_set_loser|high_volatility|highly_oscillating_shape|huge_range|large_single_move|many_reversals|multi_crossed_40|multi_crossed_50|multi_crossed_60|multi_crossed_70|multi_crossed_75|multi_crossed_80|no_tiebreaker|opponent_daniel_dutra_da_silva|player_joao_lucas_reis_da_silva|resolved_near_100|second_set_winner|set_1_no_tiebreaker|set_2_no_tiebreaker|set_3_no_tiebreaker|starting_bucket_70_79|starting_price_0073|third_set_winner|three_set_match|uptrend_finish|v_shape_recovery|winner,3.2839,19.34,64,77.09,2,8,3,0.0
2026-03-09T18:06:00+00:00,35.23,65.86,3_sets|crossed_25|crossed_30|crossed_40|crossed_50|crossed_60|crossed_70|crossed_75|crossed_80|crossed_90|drawdown_recovery|early_cross_50|ending_bucket_90_99|ending_price_0099|extreme_range|favorite|first_set_loser|high_volatility|highly_oscillating_shape|huge_range|large_single_move|many_reversals|multi_crossed_40|multi_crossed_50|multi_crossed_60|multi_crossed_70|multi_crossed_75|multi_crossed_80|no_tiebreaker|opponent_daniel_dutra_da_silva|player_joao_lucas_reis_da_silva|resolved_near_100|second_set_winner|set_1_no_tiebreaker|set_2_no_tiebreaker|set_3_no_tiebreaker|starting_bucket_70_79|starting_price_0073|third_set_winner|three_set_match|uptrend_finish|v_shape_recovery|winner,3.2839,19.34,64,77.09,2,8,3,0.0
2026-03-09T18:07:00+00:00,36.0,64.16,3_sets|crossed_25|crossed_30|crossed_40|crossed_50|crossed_60|crossed_70|crossed_75|crossed_80|crossed_90|drawdown_recovery|early_cross_50|ending_bucket_90_99|ending_price_0099|extreme_range|favorite|first_set_loser|high_volatility|highly_oscillating_shape|huge_range|large_single_move|many_reversals|multi_crossed_40|multi_crossed_50|multi_crossed_60|multi_crossed_70|multi_crossed_75|multi_crossed_80|no_tiebreaker|opponent_daniel_dutra_da_silva|player_joao_lucas_reis_da_silva|resolved_near_100|second_set_winner|set_1_no_tiebreaker|set_2_no_tiebreaker|set_3_no_tiebreaker|starting_bucket_70_79|starting_price_0073|third_set_winner|three_set_match|uptrend_finish|v_shape_recovery|winner,3.2839,19.34,64,77.09,2,8,3,0.0
2026-03-09T18:08:00+00:00,35.67,65.65,3_sets|crossed_25|crossed_30|crossed_40|crossed_50|crossed_60|crossed_70|crossed_75|crossed_80|crossed_90|drawdown_recovery|early_cross_50|ending_bucket_90_99|ending_price_0099|extreme_range|favorite|first_set_loser|high_volatility|highly_oscillating_shape|huge_range|large_single_move|many_reversals|multi_crossed_40|multi_crossed_50|multi_crossed_60|multi_crossed_70|multi_crossed_75|multi_crossed_80|no_tiebreaker|opponent_daniel_dutra_da_silva|player_joao_lucas_reis_da_silva|resolved_near_100|second_set_winner|set_1_no_tiebreaker|set_2_no_tiebreaker|set_3_no_tiebreaker|starting_bucket_70_79|starting_price_0073|third_set_winner|three_set_match|uptrend_finish|v_shape_recovery|winner,3.2839,19.34,64,77.09,2,8,3,0.0
2026-03-09T18:09:00+00:00,36.0,65.09,3_sets|crossed_25|crossed_30|crossed_40|crossed_50|crossed_60|crossed_70|crossed_75|crossed_80|crossed_90|drawdown_recovery|early_cross_50|ending_bucket_90_99|ending_price_0099|extreme_range|favorite|first_set_loser|high_volatility|highly_oscillating_shape|huge_range|large_single_move|many_reversals|multi_crossed_40|multi_crossed_50|multi_crossed_60|multi_crossed_70|multi_crossed_75|multi_crossed_80|no_tiebreaker|opponent_daniel_dutra_da_silva|player_joao_lucas_reis_da_silva|resolved_near_100|second_set_winner|set_1_no_tiebreaker|set_2_no_tiebreaker|set_3_no_tiebreaker|starting_bucket_70_79|starting_price_0073|third_set_winner|three_set_match|uptrend_finish|v_shape_recovery|winner,3.2839,19.34,64,77.09,2,8,3,0.0
2026-03-09T18:10:00+00:00,37.46,66.06,3_sets|crossed_25|crossed_30|crossed_40|crossed_50|crossed_60|crossed_70|crossed_75|crossed_80|crossed_90|drawdown_recovery|early_cross_50|ending_bucket_90_99|ending_price_0099|extreme_range|favorite|first_set_loser|high_volatility|highly_oscillating_shape|huge_range|large_single_move|many_reversals|multi_crossed_40|multi_crossed_50|multi_crossed_60|multi_crossed_70|multi_crossed_75|multi_crossed_80|no_tiebreaker|opponent_daniel_dutra_da_silva|player_joao_lucas_reis_da_silva|resolved_near_100|second_set_winner|set_1_no_tiebreaker|set_2_no_tiebreaker|set_3_no_tiebreaker|starting_bucket_70_79|starting_price_0073|third_set_winner|three_set_match|uptrend_finish|v_shape_recovery|winner,3.2839,19.34,64,77.09,2,8,3,0.0
2026-03-09T18:11:00+00:00,37.26,65.8,3_sets|crossed_25|crossed_30|crossed_40|crossed_50|crossed_60|crossed_70|crossed_75|crossed_80|crossed_90|drawdown_recovery|early_cross_50|ending_bucket_90_99|ending_price_0099|extreme_range|favorite|first_set_loser|high_volatility|highly_oscillating_shape|huge_range|large_single_move|many_reversals|multi_crossed_40|multi_crossed_50|multi_crossed_60|multi_crossed_70|multi_crossed_75|multi_crossed_80|no_tiebreaker|opponent_daniel_dutra_da_silva|player_joao_lucas_reis_da_silva|resolved_near_100|second_set_winner|set_1_no_tiebreaker|set_2_no_tiebreaker|set_3_no_tiebreaker|starting_bucket_70_79|starting_price_0073|third_set_winner|three_set_match|uptrend_finish|v_shape_recovery|winner,3.2839,19.34,64,77.09,2,8,3,0.0
2026-03-09T18:12:00+00:00,34.06,69.2,3_sets|crossed_25|crossed_30|crossed_40|crossed_50|crossed_60|crossed_70|crossed_75|crossed_80|crossed_90|drawdown_recovery|early_cross_50|ending_bucket_90_99|ending_price_0099|extreme_range|favorite|first_set_loser|high_volatility|highly_oscillating_shape|huge_range|large_single_move|many_reversals|multi_crossed_40|multi_crossed_50|multi_crossed_60|multi_crossed_70|multi_crossed_75|multi_crossed_80|no_tiebreaker|opponent_daniel_dutra_da_silva|player_joao_lucas_reis_da_silva|resolved_near_100|second_set_winner|set_1_no_tiebreaker|set_2_no_tiebreaker|set_3_no_tiebreaker|starting_bucket_70_79|starting_price_0073|third_set_winner|three_set_match|uptrend_finish|v_shape_recovery|winner,3.2839,19.34,64,77.09,2,8,3,0.0
2026-03-09T18:13:00+00:00,33.4,71.34,3_sets|crossed_25|crossed_30|crossed_40|crossed_50|crossed_60|crossed_70|crossed_75|crossed_80|crossed_90|drawdown_recovery|early_cross_50|ending_bucket_90_99|ending_price_0099|extreme_range|favorite|first_set_loser|high_volatility|highly_oscillating_shape|huge_range|large_single_move|many_reversals|multi_crossed_40|multi_crossed_50|multi_crossed_60|multi_crossed_70|multi_crossed_75|multi_crossed_80|no_tiebreaker|opponent_daniel_dutra_da_silva|player_joao_lucas_reis_da_silva|resolved_near_100|second_set_winner|set_1_no_tiebreaker|set_2_no_tiebreaker|set_3_no_tiebreaker|starting_bucket_70_79|starting_price_0073|third_set_winner|three_set_match|uptrend_finish|v_shape_recovery|winner,3.2839,19.34,64,77.09,2,8,3,0.0
2026-03-09T18:14:00+00:00,37.54,63.95,3_sets|crossed_25|crossed_30|crossed_40|crossed_50|crossed_60|crossed_70|crossed_75|crossed_80|crossed_90|drawdown_recovery|early_cross_50|ending_bucket_90_99|ending_price_0099|extreme_range|favorite|first_set_loser|high_volatility|highly_oscillating_shape|huge_range|large_single_move|many_reversals|multi_crossed_40|multi_crossed_50|multi_crossed_60|multi_crossed_70|multi_crossed_75|multi_crossed_80|no_tiebreaker|opponent_daniel_dutra_da_silva|player_joao_lucas_reis_da_silva|resolved_near_100|second_set_winner|set_1_no_tiebreaker|set_2_no_tiebreaker|set_3_no_tiebreaker|starting_bucket_70_79|starting_price_0073|third_set_winner|three_set_match|uptrend_finish|v_shape_recovery|winner,3.2839,19.34,64,77.09,2,8,3,0.0
2026-03-09T18:15:00+00:00,39.49,60.98,3_sets|crossed_25|crossed_30|crossed_40|crossed_50|crossed_60|crossed_70|crossed_75|crossed_80|crossed_90|drawdown_recovery|early_cross_50|ending_bucket_90_99|ending_price_0099|extreme_range|favorite|first_set_loser|high_volatility|highly_oscillating_shape|huge_range|large_single_move|many_reversals|multi_crossed_40|multi_crossed_50|multi_crossed_60|multi_crossed_70|multi_crossed_75|multi_crossed_80|no_tiebreaker|opponent_daniel_dutra_da_silva|player_joao_lucas_reis_da_silva|resolved_near_100|second_set_winner|set_1_no_tiebreaker|set_2_no_tiebreaker|set_3_no_tiebreaker|starting_bucket_70_79|starting_price_0073|third_set_winner|three_set_match|uptrend_finish|v_shape_recovery|winner,3.2839,19.34,64,77.09,2,8,3,0.0
2026-03-09T18:16:00+00:00,46.56,53.43,3_sets|crossed_25|crossed_30|crossed_40|crossed_50|crossed_60|crossed_70|crossed_75|crossed_80|crossed_90|drawdown_recovery|early_cross_50|ending_bucket_90_99|ending_price_0099|extreme_range|favorite|first_set_loser|high_volatility|highly_oscillating_shape|huge_range|large_single_move|many_reversals|multi_crossed_40|multi_crossed_50|multi_crossed_60|multi_crossed_70|multi_crossed_75|multi_crossed_80|no_tiebreaker|opponent_daniel_dutra_da_silva|player_joao_lucas_reis_da_silva|resolved_near_100|second_set_winner|set_1_no_tiebreaker|set_2_no_tiebreaker|set_3_no_tiebreaker|starting_bucket_70_79|starting_price_0073|third_set_winner|three_set_match|uptrend_finish|v_shape_recovery|winner,3.2839,19.34,64,77.09,2,8,3,0.0
2026-03-09T18:17:00+00:00,51.57,48.24,3_sets|crossed_25|crossed_30|crossed_40|crossed_50|crossed_60|crossed_70|crossed_75|crossed_80|crossed_90|drawdown_recovery|early_cross_50|ending_bucket_90_99|ending_price_0099|extreme_range|favorite|first_set_loser|high_volatility|highly_oscillating_shape|huge_range|large_single_move|many_reversals|multi_crossed_40|multi_crossed_50|multi_crossed_60|multi_crossed_70|multi_crossed_75|multi_crossed_80|no_tiebreaker|opponent_daniel_dutra_da_silva|player_joao_lucas_reis_da_silva|resolved_near_100|second_set_winner|set_1_no_tiebreaker|set_2_no_tiebreaker|set_3_no_tiebreaker|starting_bucket_70_79|starting_price_0073|third_set_winner|three_set_match|uptrend_finish|v_shape_recovery|winner,3.2839,19.34,64,77.09,2,8,3,0.0
2026-03-09T18:18:00+00:00,53.18,46.66,3_sets|crossed_25|crossed_30|crossed_40|crossed_50|crossed_60|crossed_70|crossed_75|crossed_80|crossed_90|drawdown_recovery|early_cross_50|ending_bucket_90_99|ending_price_0099|extreme_range|favorite|first_set_loser|high_volatility|highly_oscillating_shape|huge_range|large_single_move|many_reversals|multi_crossed_40|multi_crossed_50|multi_crossed_60|multi_crossed_70|multi_crossed_75|multi_crossed_80|no_tiebreaker|opponent_daniel_dutra_da_silva|player_joao_lucas_reis_da_silva|resolved_near_100|second_set_winner|set_1_no_tiebreaker|set_2_no_tiebreaker|set_3_no_tiebreaker|starting_bucket_70_79|starting_price_0073|third_set_winner|three_set_match|uptrend_finish|v_shape_recovery|winner,3.2839,19.34,64,77.09,2,8,3,0.0
2026-03-09T18:19:00+00:00,54.27,47.62,3_sets|crossed_25|crossed_30|crossed_40|crossed_50|crossed_60|crossed_70|crossed_75|crossed_80|crossed_90|drawdown_recovery|early_cross_50|ending_bucket_90_99|ending_price_0099|extreme_range|favorite|first_set_loser|high_volatility|highly_oscillating_shape|huge_range|large_single_move|many_reversals|multi_crossed_40|multi_crossed_50|multi_crossed_60|multi_crossed_70|multi_crossed_75|multi_crossed_80|no_tiebreaker|opponent_daniel_dutra_da_silva|player_joao_lucas_reis_da_silva|resolved_near_100|second_set_winner|set_1_no_tiebreaker|set_2_no_tiebreaker|set_3_no_tiebreaker|starting_bucket_70_79|starting_price_0073|third_set_winner|three_set_match|uptrend_finish|v_shape_recovery|winner,3.2839,19.34,64,77.09,2,8,3,0.0
2026-03-09T18:20:00+00:00,55.62,46.46,3_sets|crossed_25|crossed_30|crossed_40|crossed_50|crossed_60|crossed_70|crossed_75|crossed_80|crossed_90|drawdown_recovery|early_cross_50|ending_bucket_90_99|ending_price_0099|extreme_range|favorite|first_set_loser|high_volatility|highly_oscillating_shape|huge_range|large_single_move|many_reversals|multi_crossed_40|multi_crossed_50|multi_crossed_60|multi_crossed_70|multi_crossed_75|multi_crossed_80|no_tiebreaker|opponent_daniel_dutra_da_silva|player_joao_lucas_reis_da_silva|resolved_near_100|second_set_winner|set_1_no_tiebreaker|set_2_no_tiebreaker|set_3_no_tiebreaker|starting_bucket_70_79|starting_price_0073|third_set_winner|three_set_match|uptrend_finish|v_shape_recovery|winner,3.2839,19.34,64,77.09,2,8,3,0.0
2026-03-09T18:21:00+00:00,58.2,40.64,3_sets|crossed_25|crossed_30|crossed_40|crossed_50|crossed_60|crossed_70|crossed_75|crossed_80|crossed_90|drawdown_recovery|early_cross_50|ending_bucket_90_99|ending_price_0099|extreme_range|favorite|first_set_loser|high_volatility|highly_oscillating_shape|huge_range|large_single_move|many_reversals|multi_crossed_40|multi_crossed_50|multi_crossed_60|multi_crossed_70|multi_crossed_75|multi_crossed_80|no_tiebreaker|opponent_daniel_dutra_da_silva|player_joao_lucas_reis_da_silva|resolved_near_100|second_set_winner|set_1_no_tiebreaker|set_2_no_tiebreaker|set_3_no_tiebreaker|starting_bucket_70_79|starting_price_0073|third_set_winner|three_set_match|uptrend_finish|v_shape_recovery|winner,3.2839,19.34,64,77.09,2,8,3,0.0
2026-03-09T18:22:00+00:00,57.79,41.02,3_sets|crossed_25|crossed_30|crossed_40|crossed_50|crossed_60|crossed_70|crossed_75|crossed_80|crossed_90|drawdown_recovery|early_cross_50|ending_bucket_90_99|ending_price_0099|extreme_range|favorite|first_set_loser|high_volatility|highly_oscillating_shape|huge_range|large_single_move|many_reversals|multi_crossed_40|multi_crossed_50|multi_crossed_60|multi_crossed_70|multi_crossed_75|multi_crossed_80|no_tiebreaker|opponent_daniel_dutra_da_silva|player_joao_lucas_reis_da_silva|resolved_near_100|second_set_winner|set_1_no_tiebreaker|set_2_no_tiebreaker|set_3_no_tiebreaker|starting_bucket_70_79|starting_price_0073|third_set_winner|three_set_match|uptrend_finish|v_shape_recovery|winner,3.2839,19.34,64,77.09,2,8,3,0.0
2026-03-09T18:23:00+00:00,61.65,40.93,3_sets|crossed_25|crossed_30|crossed_40|crossed_50|crossed_60|crossed_70|crossed_75|crossed_80|crossed_90|drawdown_recovery|early_cross_50|ending_bucket_90_99|ending_price_0099|extreme_range|favorite|first_set_loser|high_volatility|highly_oscillating_shape|huge_range|large_single_move|many_reversals|multi_crossed_40|multi_crossed_50|multi_crossed_60|multi_crossed_70|multi_crossed_75|multi_crossed_80|no_tiebreaker|opponent_daniel_dutra_da_silva|player_joao_lucas_reis_da_silva|resolved_near_100|second_set_winner|set_1_no_tiebreaker|set_2_no_tiebreaker|set_3_no_tiebreaker|starting_bucket_70_79|starting_price_0073|third_set_winner|three_set_match|uptrend_finish|v_shape_recovery|winner,3.2839,19.34,64,77.09,2,8,3,0.0
2026-03-09T18:24:00+00:00,61.55,41.36,3_sets|crossed_25|crossed_30|crossed_40|crossed_50|crossed_60|crossed_70|crossed_75|crossed_80|crossed_90|drawdown_recovery|early_cross_50|ending_bucket_90_99|ending_price_0099|extreme_range|favorite|first_set_loser|high_volatility|highly_oscillating_shape|huge_range|large_single_move|many_reversals|multi_crossed_40|multi_crossed_50|multi_crossed_60|multi_crossed_70|multi_crossed_75|multi_crossed_80|no_tiebreaker|opponent_daniel_dutra_da_silva|player_joao_lucas_reis_da_silva|resolved_near_100|second_set_winner|set_1_no_tiebreaker|set_2_no_tiebreaker|set_3_no_tiebreaker|starting_bucket_70_79|starting_price_0073|third_set_winner|three_set_match|uptrend_finish|v_shape_recovery|winner,3.2839,19.34,64,77.09,2,8,3,0.0
2026-03-09T18:25:00+00:00,60.75,40.18,3_sets|crossed_25|crossed_30|crossed_40|crossed_50|crossed_60|crossed_70|crossed_75|crossed_80|crossed_90|drawdown_recovery|early_cross_50|ending_bucket_90_99|ending_price_0099|extreme_range|favorite|first_set_loser|high_volatility|highly_oscillating_shape|huge_range|large_single_move|many_reversals|multi_crossed_40|multi_crossed_50|multi_crossed_60|multi_crossed_70|multi_crossed_75|multi_crossed_80|no_tiebreaker|opponent_daniel_dutra_da_silva|player_joao_lucas_reis_da_silva|resolved_near_100|second_set_winner|set_1_no_tiebreaker|set_2_no_tiebreaker|set_3_no_tiebreaker|starting_bucket_70_79|starting_price_0073|third_set_winner|three_set_match|uptrend_finish|v_shape_recovery|winner,3.2839,19.34,64,77.09,2,8,3,0.0
2026-03-09T18:26:00+00:00,60.32,41.46,3_sets|crossed_25|crossed_30|crossed_40|crossed_50|crossed_60|crossed_70|crossed_75|crossed_80|crossed_90|drawdown_recovery|early_cross_50|ending_bucket_90_99|ending_price_0099|extreme_range|favorite|first_set_loser|high_volatility|highly_oscillating_shape|huge_range|large_single_move|many_reversals|multi_crossed_40|multi_crossed_50|multi_crossed_60|multi_crossed_70|multi_crossed_75|multi_crossed_80|no_tiebreaker|opponent_daniel_dutra_da_silva|player_joao_lucas_reis_da_silva|resolved_near_100|second_set_winner|set_1_no_tiebreaker|set_2_no_tiebreaker|set_3_no_tiebreaker|starting_bucket_70_79|starting_price_0073|third_set_winner|three_set_match|uptrend_finish|v_shape_recovery|winner,3.2839,19.34,64,77.09,2,8,3,0.0
2026-03-09T18:27:00+00:00,56.49,43.62,3_sets|crossed_25|crossed_30|crossed_40|crossed_50|crossed_60|crossed_70|crossed_75|crossed_80|crossed_90|drawdown_recovery|early_cross_50|ending_bucket_90_99|ending_price_0099|extreme_range|favorite|first_set_loser|high_volatility|highly_oscillating_shape|huge_range|large_single_move|many_reversals|multi_crossed_40|multi_crossed_50|multi_crossed_60|multi_crossed_70|multi_crossed_75|multi_crossed_80|no_tiebreaker|opponent_daniel_dutra_da_silva|player_joao_lucas_reis_da_silva|resolved_near_100|second_set_winner|set_1_no_tiebreaker|set_2_no_tiebreaker|set_3_no_tiebreaker|starting_bucket_70_79|starting_price_0073|third_set_winner|three_set_match|uptrend_finish|v_shape_recovery|winner,3.2839,19.34,64,77.09,2,8,3,0.0
2026-03-09T18:28:00+00:00,48.29,53.96,3_sets|crossed_25|crossed_30|crossed_40|crossed_50|crossed_60|crossed_70|crossed_75|crossed_80|crossed_90|drawdown_recovery|early_cross_50|ending_bucket_90_99|ending_price_0099|extreme_range|favorite|first_set_loser|high_volatility|highly_oscillating_shape|huge_range|large_single_move|many_reversals|multi_crossed_40|multi_crossed_50|multi_crossed_60|multi_crossed_70|multi_crossed_75|multi_crossed_80|no_tiebreaker|opponent_daniel_dutra_da_silva|player_joao_lucas_reis_da_silva|resolved_near_100|second_set_winner|set_1_no_tiebreaker|set_2_no_tiebreaker|set_3_no_tiebreaker|starting_bucket_70_79|starting_price_0073|third_set_winner|three_set_match|uptrend_finish|v_shape_recovery|winner,3.2839,19.34,64,77.09,2,8,3,0.0
2026-03-09T18:29:00+00:00,41.48,60.16,3_sets|crossed_25|crossed_30|crossed_40|crossed_50|crossed_60|crossed_70|crossed_75|crossed_80|crossed_90|drawdown_recovery|early_cross_50|ending_bucket_90_99|ending_price_0099|extreme_range|favorite|first_set_loser|high_volatility|highly_oscillating_shape|huge_range|large_single_move|many_reversals|multi_crossed_40|multi_crossed_50|multi_crossed_60|multi_crossed_70|multi_crossed_75|multi_crossed_80|no_tiebreaker|opponent_daniel_dutra_da_silva|player_joao_lucas_reis_da_silva|resolved_near_100|second_set_winner|set_1_no_tiebreaker|set_2_no_tiebreaker|set_3_no_tiebreaker|starting_bucket_70_79|starting_price_0073|third_set_winner|three_set_match|uptrend_finish|v_shape_recovery|winner,3.2839,19.34,64,77.09,2,8,3,0.0
2026-03-09T18:30:00+00:00,45.35,54.87,3_sets|crossed_25|crossed_30|crossed_40|crossed_50|crossed_60|crossed_70|crossed_75|crossed_80|crossed_90|drawdown_recovery|early_cross_50|ending_bucket_90_99|ending_price_0099|extreme_range|favorite|first_set_loser|high_volatility|highly_oscillating_shape|huge_range|large_single_move|many_reversals|multi_crossed_40|multi_crossed_50|multi_crossed_60|multi_crossed_70|multi_crossed_75|multi_crossed_80|no_tiebreaker|opponent_daniel_dutra_da_silva|player_joao_lucas_reis_da_silva|resolved_near_100|second_set_winner|set_1_no_tiebreaker|set_2_no_tiebreaker|set_3_no_tiebreaker|starting_bucket_70_79|starting_price_0073|third_set_winner|three_set_match|uptrend_finish|v_shape_recovery|winner,3.2839,19.34,64,77.09,2,8,3,0.0
2026-03-09T18:31:00+00:00,40.61,60.15,3_sets|crossed_25|crossed_30|crossed_40|crossed_50|crossed_60|crossed_70|crossed_75|crossed_80|crossed_90|drawdown_recovery|early_cross_50|ending_bucket_90_99|ending_price_0099|extreme_range|favorite|first_set_loser|high_volatility|highly_oscillating_shape|huge_range|large_single_move|many_reversals|multi_crossed_40|multi_crossed_50|multi_crossed_60|multi_crossed_70|multi_crossed_75|multi_crossed_80|no_tiebreaker|opponent_daniel_dutra_da_silva|player_joao_lucas_reis_da_silva|resolved_near_100|second_set_winner|set_1_no_tiebreaker|set_2_no_tiebreaker|set_3_no_tiebreaker|starting_bucket_70_79|starting_price_0073|third_set_winner|three_set_match|uptrend_finish|v_shape_recovery|winner,3.2839,19.34,64,77.09,2,8,3,0.0
2026-03-09T18:32:00+00:00,40.91,61.0,3_sets|crossed_25|crossed_30|crossed_40|crossed_50|crossed_60|crossed_70|crossed_75|crossed_80|crossed_90|drawdown_recovery|early_cross_50|ending_bucket_90_99|ending_price_0099|extreme_range|favorite|first_set_loser|high_volatility|highly_oscillating_shape|huge_range|large_single_move|many_reversals|multi_crossed_40|multi_crossed_50|multi_crossed_60|multi_crossed_70|multi_crossed_75|multi_crossed_80|no_tiebreaker|opponent_daniel_dutra_da_silva|player_joao_lucas_reis_da_silva|resolved_near_100|second_set_winner|set_1_no_tiebreaker|set_2_no_tiebreaker|set_3_no_tiebreaker|starting_bucket_70_79|starting_price_0073|third_set_winner|three_set_match|uptrend_finish|v_shape_recovery|winner,3.2839,19.34,64,77.09,2,8,3,0.0
2026-03-09T18:33:00+00:00,36.27,63.27,3_sets|crossed_25|crossed_30|crossed_40|crossed_50|crossed_60|crossed_70|crossed_75|crossed_80|crossed_90|drawdown_recovery|early_cross_50|ending_bucket_90_99|ending_price_0099|extreme_range|favorite|first_set_loser|high_volatility|highly_oscillating_shape|huge_range|large_single_move|many_reversals|multi_crossed_40|multi_crossed_50|multi_crossed_60|multi_crossed_70|multi_crossed_75|multi_crossed_80|no_tiebreaker|opponent_daniel_dutra_da_silva|player_joao_lucas_reis_da_silva|resolved_near_100|second_set_winner|set_1_no_tiebreaker|set_2_no_tiebreaker|set_3_no_tiebreaker|starting_bucket_70_79|starting_price_0073|third_set_winner|three_set_match|uptrend_finish|v_shape_recovery|winner,3.2839,19.34,64,77.09,2,8,3,0.0
2026-03-09T18:34:00+00:00,32.64,67.58,3_sets|crossed_25|crossed_30|crossed_40|crossed_50|crossed_60|crossed_70|crossed_75|crossed_80|crossed_90|drawdown_recovery|early_cross_50|ending_bucket_90_99|ending_price_0099|extreme_range|favorite|first_set_loser|high_volatility|highly_oscillating_shape|huge_range|large_single_move|many_reversals|multi_crossed_40|multi_crossed_50|multi_crossed_60|multi_crossed_70|multi_crossed_75|multi_crossed_80|no_tiebreaker|opponent_daniel_dutra_da_silva|player_joao_lucas_reis_da_silva|resolved_near_100|second_set_winner|set_1_no_tiebreaker|set_2_no_tiebreaker|set_3_no_tiebreaker|starting_bucket_70_79|starting_price_0073|third_set_winner|three_set_match|uptrend_finish|v_shape_recovery|winner,3.2839,19.34,64,77.09,2,8,3,0.0
2026-03-09T18:35:00+00:00,36.26,63.09,3_sets|crossed_25|crossed_30|crossed_40|crossed_50|crossed_60|crossed_70|crossed_75|crossed_80|crossed_90|drawdown_recovery|early_cross_50|ending_bucket_90_99|ending_price_0099|extreme_range|favorite|first_set_loser|high_volatility|highly_oscillating_shape|huge_range|large_single_move|many_reversals|multi_crossed_40|multi_crossed_50|multi_crossed_60|multi_crossed_70|multi_crossed_75|multi_crossed_80|no_tiebreaker|opponent_daniel_dutra_da_silva|player_joao_lucas_reis_da_silva|resolved_near_100|second_set_winner|set_1_no_tiebreaker|set_2_no_tiebreaker|set_3_no_tiebreaker|starting_bucket_70_79|starting_price_0073|third_set_winner|three_set_match|uptrend_finish|v_shape_recovery|winner,3.2839,19.34,64,77.09,2,8,3,0.0
2026-03-09T18:36:00+00:00,36.56,63.62,3_sets|crossed_25|crossed_30|crossed_40|crossed_50|crossed_60|crossed_70|crossed_75|crossed_80|crossed_90|drawdown_recovery|early_cross_50|ending_bucket_90_99|ending_price_0099|extreme_range|favorite|first_set_loser|high_volatility|highly_oscillating_shape|huge_range|large_single_move|many_reversals|multi_crossed_40|multi_crossed_50|multi_crossed_60|multi_crossed_70|multi_crossed_75|multi_crossed_80|no_tiebreaker|opponent_daniel_dutra_da_silva|player_joao_lucas_reis_da_silva|resolved_near_100|second_set_winner|set_1_no_tiebreaker|set_2_no_tiebreaker|set_3_no_tiebreaker|starting_bucket_70_79|starting_price_0073|third_set_winner|three_set_match|uptrend_finish|v_shape_recovery|winner,3.2839,19.34,64,77.09,2,8,3,0.0
2026-03-09T18:37:00+00:00,40.21,62.0,3_sets|crossed_25|crossed_30|crossed_40|crossed_50|crossed_60|crossed_70|crossed_75|crossed_80|crossed_90|drawdown_recovery|early_cross_50|ending_bucket_90_99|ending_price_0099|extreme_range|favorite|first_set_loser|high_volatility|highly_oscillating_shape|huge_range|large_single_move|many_reversals|multi_crossed_40|multi_crossed_50|multi_crossed_60|multi_crossed_70|multi_crossed_75|multi_crossed_80|no_tiebreaker|opponent_daniel_dutra_da_silva|player_joao_lucas_reis_da_silva|resolved_near_100|second_set_winner|set_1_no_tiebreaker|set_2_no_tiebreaker|set_3_no_tiebreaker|starting_bucket_70_79|starting_price_0073|third_set_winner|three_set_match|uptrend_finish|v_shape_recovery|winner,3.2839,19.34,64,77.09,2,8,3,0.0
2026-03-09T18:38:00+00:00,41.66,60.65,3_sets|crossed_25|crossed_30|crossed_40|crossed_50|crossed_60|crossed_70|crossed_75|crossed_80|crossed_90|drawdown_recovery|early_cross_50|ending_bucket_90_99|ending_price_0099|extreme_range|favorite|first_set_loser|high_volatility|highly_oscillating_shape|huge_range|large_single_move|many_reversals|multi_crossed_40|multi_crossed_50|multi_crossed_60|multi_crossed_70|multi_crossed_75|multi_crossed_80|no_tiebreaker|opponent_daniel_dutra_da_silva|player_joao_lucas_reis_da_silva|resolved_near_100|second_set_winner|set_1_no_tiebreaker|set_2_no_tiebreaker|set_3_no_tiebreaker|starting_bucket_70_79|starting_price_0073|third_set_winner|three_set_match|uptrend_finish|v_shape_recovery|winner,3.2839,19.34,64,77.09,2,8,3,0.0
2026-03-09T18:39:00+00:00,40.33,61.79,3_sets|crossed_25|crossed_30|crossed_40|crossed_50|crossed_60|crossed_70|crossed_75|crossed_80|crossed_90|drawdown_recovery|early_cross_50|ending_bucket_90_99|ending_price_0099|extreme_range|favorite|first_set_loser|high_volatility|highly_oscillating_shape|huge_range|large_single_move|many_reversals|multi_crossed_40|multi_crossed_50|multi_crossed_60|multi_crossed_70|multi_crossed_75|multi_crossed_80|no_tiebreaker|opponent_daniel_dutra_da_silva|player_joao_lucas_reis_da_silva|resolved_near_100|second_set_winner|set_1_no_tiebreaker|set_2_no_tiebreaker|set_3_no_tiebreaker|starting_bucket_70_79|starting_price_0073|third_set_winner|three_set_match|uptrend_finish|v_shape_recovery|winner,3.2839,19.34,64,77.09,2,8,3,0.0
2026-03-09T18:40:00+00:00,39.15,63.85,3_sets|crossed_25|crossed_30|crossed_40|crossed_50|crossed_60|crossed_70|crossed_75|crossed_80|crossed_90|drawdown_recovery|early_cross_50|ending_bucket_90_99|ending_price_0099|extreme_range|favorite|first_set_loser|high_volatility|highly_oscillating_shape|huge_range|large_single_move|many_reversals|multi_crossed_40|multi_crossed_50|multi_crossed_60|multi_crossed_70|multi_crossed_75|multi_crossed_80|no_tiebreaker|opponent_daniel_dutra_da_silva|player_joao_lucas_reis_da_silva|resolved_near_100|second_set_winner|set_1_no_tiebreaker|set_2_no_tiebreaker|set_3_no_tiebreaker|starting_bucket_70_79|starting_price_0073|third_set_winner|three_set_match|uptrend_finish|v_shape_recovery|winner,3.2839,19.34,64,77.09,2,8,3,0.0
2026-03-09T18:41:00+00:00,37.45,65.66,3_sets|crossed_25|crossed_30|crossed_40|crossed_50|crossed_60|crossed_70|crossed_75|crossed_80|crossed_90|drawdown_recovery|early_cross_50|ending_bucket_90_99|ending_price_0099|extreme_range|favorite|first_set_loser|high_volatility|highly_oscillating_shape|huge_range|large_single_move|many_reversals|multi_crossed_40|multi_crossed_50|multi_crossed_60|multi_crossed_70|multi_crossed_75|multi_crossed_80|no_tiebreaker|opponent_daniel_dutra_da_silva|player_joao_lucas_reis_da_silva|resolved_near_100|second_set_winner|set_1_no_tiebreaker|set_2_no_tiebreaker|set_3_no_tiebreaker|starting_bucket_70_79|starting_price_0073|third_set_winner|three_set_match|uptrend_finish|v_shape_recovery|winner,3.2839,19.34,64,77.09,2,8,3,0.0
2026-03-09T18:42:00+00:00,32.86,67.14,3_sets|crossed_25|crossed_30|crossed_40|crossed_50|crossed_60|crossed_70|crossed_75|crossed_80|crossed_90|drawdown_recovery|early_cross_50|ending_bucket_90_99|ending_price_0099|extreme_range|favorite|first_set_loser|high_volatility|highly_oscillating_shape|huge_range|large_single_move|many_reversals|multi_crossed_40|multi_crossed_50|multi_crossed_60|multi_crossed_70|multi_crossed_75|multi_crossed_80|no_tiebreaker|opponent_daniel_dutra_da_silva|player_joao_lucas_reis_da_silva|resolved_near_100|second_set_winner|set_1_no_tiebreaker|set_2_no_tiebreaker|set_3_no_tiebreaker|starting_bucket_70_79|starting_price_0073|third_set_winner|three_set_match|uptrend_finish|v_shape_recovery|winner,3.2839,19.34,64,77.09,2,8,3,0.0
2026-03-09T18:43:00+00:00,27.78,74.52,3_sets|crossed_25|crossed_30|crossed_40|crossed_50|crossed_60|crossed_70|crossed_75|crossed_80|crossed_90|drawdown_recovery|early_cross_50|ending_bucket_90_99|ending_price_0099|extreme_range|favorite|first_set_loser|high_volatility|highly_oscillating_shape|huge_range|large_single_move|many_reversals|multi_crossed_40|multi_crossed_50|multi_crossed_60|multi_crossed_70|multi_crossed_75|multi_crossed_80|no_tiebreaker|opponent_daniel_dutra_da_silva|player_joao_lucas_reis_da_silva|resolved_near_100|second_set_winner|set_1_no_tiebreaker|set_2_no_tiebreaker|set_3_no_tiebreaker|starting_bucket_70_79|starting_price_0073|third_set_winner|three_set_match|uptrend_finish|v_shape_recovery|winner,3.2839,19.34,64,77.09,2,8,3,0.0
2026-03-09T18:44:00+00:00,28.91,75.07,3_sets|crossed_25|crossed_30|crossed_40|crossed_50|crossed_60|crossed_70|crossed_75|crossed_80|crossed_90|drawdown_recovery|early_cross_50|ending_bucket_90_99|ending_price_0099|extreme_range|favorite|first_set_loser|high_volatility|highly_oscillating_shape|huge_range|large_single_move|many_reversals|multi_crossed_40|multi_crossed_50|multi_crossed_60|multi_crossed_70|multi_crossed_75|multi_crossed_80|no_tiebreaker|opponent_daniel_dutra_da_silva|player_joao_lucas_reis_da_silva|resolved_near_100|second_set_winner|set_1_no_tiebreaker|set_2_no_tiebreaker|set_3_no_tiebreaker|starting_bucket_70_79|starting_price_0073|third_set_winner|three_set_match|uptrend_finish|v_shape_recovery|winner,3.2839,19.34,64,77.09,2,8,3,0.0
2026-03-09T18:45:00+00:00,21.91,77.28,3_sets|crossed_25|crossed_30|crossed_40|crossed_50|crossed_60|crossed_70|crossed_75|crossed_80|crossed_90|drawdown_recovery|early_cross_50|ending_bucket_90_99|ending_price_0099|extreme_range|favorite|first_set_loser|high_volatility|highly_oscillating_shape|huge_range|large_single_move|many_reversals|multi_crossed_40|multi_crossed_50|multi_crossed_60|multi_crossed_70|multi_crossed_75|multi_crossed_80|no_tiebreaker|opponent_daniel_dutra_da_silva|player_joao_lucas_reis_da_silva|resolved_near_100|second_set_winner|set_1_no_tiebreaker|set_2_no_tiebreaker|set_3_no_tiebreaker|starting_bucket_70_79|starting_price_0073|third_set_winner|three_set_match|uptrend_finish|v_shape_recovery|winner,3.2839,19.34,64,77.09,2,8,3,0.0
2026-03-09T18:46:00+00:00,37.72,65.67,3_sets|crossed_25|crossed_30|crossed_40|crossed_50|crossed_60|crossed_70|crossed_75|crossed_80|crossed_90|drawdown_recovery|early_cross_50|ending_bucket_90_99|ending_price_0099|extreme_range|favorite|first_set_loser|high_volatility|highly_oscillating_shape|huge_range|large_single_move|many_reversals|multi_crossed_40|multi_crossed_50|multi_crossed_60|multi_crossed_70|multi_crossed_75|multi_crossed_80|no_tiebreaker|opponent_daniel_dutra_da_silva|player_joao_lucas_reis_da_silva|resolved_near_100|second_set_winner|set_1_no_tiebreaker|set_2_no_tiebreaker|set_3_no_tiebreaker|starting_bucket_70_79|starting_price_0073|third_set_winner|three_set_match|uptrend_finish|v_shape_recovery|winner,3.2839,19.34,64,77.09,2,8,3,0.0
2026-03-09T18:47:00+00:00,37.19,62.18,3_sets|crossed_25|crossed_30|crossed_40|crossed_50|crossed_60|crossed_70|crossed_75|crossed_80|crossed_90|drawdown_recovery|early_cross_50|ending_bucket_90_99|ending_price_0099|extreme_range|favorite|first_set_loser|high_volatility|highly_oscillating_shape|huge_range|large_single_move|many_reversals|multi_crossed_40|multi_crossed_50|multi_crossed_60|multi_crossed_70|multi_crossed_75|multi_crossed_80|no_tiebreaker|opponent_daniel_dutra_da_silva|player_joao_lucas_reis_da_silva|resolved_near_100|second_set_winner|set_1_no_tiebreaker|set_2_no_tiebreaker|set_3_no_tiebreaker|starting_bucket_70_79|starting_price_0073|third_set_winner|three_set_match|uptrend_finish|v_shape_recovery|winner,3.2839,19.34,64,77.09,2,8,3,0.0
2026-03-09T18:48:00+00:00,41.87,58.15,3_sets|crossed_25|crossed_30|crossed_40|crossed_50|crossed_60|crossed_70|crossed_75|crossed_80|crossed_90|drawdown_recovery|early_cross_50|ending_bucket_90_99|ending_price_0099|extreme_range|favorite|first_set_loser|high_volatility|highly_oscillating_shape|huge_range|large_single_move|many_reversals|multi_crossed_40|multi_crossed_50|multi_crossed_60|multi_crossed_70|multi_crossed_75|multi_crossed_80|no_tiebreaker|opponent_daniel_dutra_da_silva|player_joao_lucas_reis_da_silva|resolved_near_100|second_set_winner|set_1_no_tiebreaker|set_2_no_tiebreaker|set_3_no_tiebreaker|starting_bucket_70_79|starting_price_0073|third_set_winner|three_set_match|uptrend_finish|v_shape_recovery|winner,3.2839,19.34,64,77.09,2,8,3,0.0
2026-03-09T18:49:00+00:00,40.67,58.15,3_sets|crossed_25|crossed_30|crossed_40|crossed_50|crossed_60|crossed_70|crossed_75|crossed_80|crossed_90|drawdown_recovery|early_cross_50|ending_bucket_90_99|ending_price_0099|extreme_range|favorite|first_set_loser|high_volatility|highly_oscillating_shape|huge_range|large_single_move|many_reversals|multi_crossed_40|multi_crossed_50|multi_crossed_60|multi_crossed_70|multi_crossed_75|multi_crossed_80|no_tiebreaker|opponent_daniel_dutra_da_silva|player_joao_lucas_reis_da_silva|resolved_near_100|second_set_winner|set_1_no_tiebreaker|set_2_no_tiebreaker|set_3_no_tiebreaker|starting_bucket_70_79|starting_price_0073|third_set_winner|three_set_match|uptrend_finish|v_shape_recovery|winner,3.2839,19.34,64,77.09,2,8,3,0.0
2026-03-09T18:50:00+00:00,50.18,49.87,3_sets|crossed_25|crossed_30|crossed_40|crossed_50|crossed_60|crossed_70|crossed_75|crossed_80|crossed_90|drawdown_recovery|early_cross_50|ending_bucket_90_99|ending_price_0099|extreme_range|favorite|first_set_loser|high_volatility|highly_oscillating_shape|huge_range|large_single_move|many_reversals|multi_crossed_40|multi_crossed_50|multi_crossed_60|multi_crossed_70|multi_crossed_75|multi_crossed_80|no_tiebreaker|opponent_daniel_dutra_da_silva|player_joao_lucas_reis_da_silva|resolved_near_100|second_set_winner|set_1_no_tiebreaker|set_2_no_tiebreaker|set_3_no_tiebreaker|starting_bucket_70_79|starting_price_0073|third_set_winner|three_set_match|uptrend_finish|v_shape_recovery|winner,3.2839,19.34,64,77.09,2,8,3,0.0
2026-03-09T18:51:00+00:00,39.61,65.0,3_sets|crossed_25|crossed_30|crossed_40|crossed_50|crossed_60|crossed_70|crossed_75|crossed_80|crossed_90|drawdown_recovery|early_cross_50|ending_bucket_90_99|ending_price_0099|extreme_range|favorite|first_set_loser|high_volatility|highly_oscillating_shape|huge_range|large_single_move|many_reversals|multi_crossed_40|multi_crossed_50|multi_crossed_60|multi_crossed_70|multi_crossed_75|multi_crossed_80|no_tiebreaker|opponent_daniel_dutra_da_silva|player_joao_lucas_reis_da_silva|resolved_near_100|second_set_winner|set_1_no_tiebreaker|set_2_no_tiebreaker|set_3_no_tiebreaker|starting_bucket_70_79|starting_price_0073|third_set_winner|three_set_match|uptrend_finish|v_shape_recovery|winner,3.2839,19.34,64,77.09,2,8,3,0.0
2026-03-09T18:52:00+00:00,40.96,62.75,3_sets|crossed_25|crossed_30|crossed_40|crossed_50|crossed_60|crossed_70|crossed_75|crossed_80|crossed_90|drawdown_recovery|early_cross_50|ending_bucket_90_99|ending_price_0099|extreme_range|favorite|first_set_loser|high_volatility|highly_oscillating_shape|huge_range|large_single_move|many_reversals|multi_crossed_40|multi_crossed_50|multi_crossed_60|multi_crossed_70|multi_crossed_75|multi_crossed_80|no_tiebreaker|opponent_daniel_dutra_da_silva|player_joao_lucas_reis_da_silva|resolved_near_100|second_set_winner|set_1_no_tiebreaker|set_2_no_tiebreaker|set_3_no_tiebreaker|starting_bucket_70_79|starting_price_0073|third_set_winner|three_set_match|uptrend_finish|v_shape_recovery|winner,3.2839,19.34,64,77.09,2,8,3,0.0
2026-03-09T18:53:00+00:00,47.62,57.43,3_sets|crossed_25|crossed_30|crossed_40|crossed_50|crossed_60|crossed_70|crossed_75|crossed_80|crossed_90|drawdown_recovery|early_cross_50|ending_bucket_90_99|ending_price_0099|extreme_range|favorite|first_set_loser|high_volatility|highly_oscillating_shape|huge_range|large_single_move|many_reversals|multi_crossed_40|multi_crossed_50|multi_crossed_60|multi_crossed_70|multi_crossed_75|multi_crossed_80|no_tiebreaker|opponent_daniel_dutra_da_silva|player_joao_lucas_reis_da_silva|resolved_near_100|second_set_winner|set_1_no_tiebreaker|set_2_no_tiebreaker|set_3_no_tiebreaker|starting_bucket_70_79|starting_price_0073|third_set_winner|three_set_match|uptrend_finish|v_shape_recovery|winner,3.2839,19.34,64,77.09,2,8,3,0.0
2026-03-09T18:54:00+00:00,61.6,40.7,3_sets|crossed_25|crossed_30|crossed_40|crossed_50|crossed_60|crossed_70|crossed_75|crossed_80|crossed_90|drawdown_recovery|early_cross_50|ending_bucket_90_99|ending_price_0099|extreme_range|favorite|first_set_loser|high_volatility|highly_oscillating_shape|huge_range|large_single_move|many_reversals|multi_crossed_40|multi_crossed_50|multi_crossed_60|multi_crossed_70|multi_crossed_75|multi_crossed_80|no_tiebreaker|opponent_daniel_dutra_da_silva|player_joao_lucas_reis_da_silva|resolved_near_100|second_set_winner|set_1_no_tiebreaker|set_2_no_tiebreaker|set_3_no_tiebreaker|starting_bucket_70_79|starting_price_0073|third_set_winner|three_set_match|uptrend_finish|v_shape_recovery|winner,3.2839,19.34,64,77.09,2,8,3,0.0
2026-03-09T18:55:00+00:00,62.38,38.47,3_sets|crossed_25|crossed_30|crossed_40|crossed_50|crossed_60|crossed_70|crossed_75|crossed_80|crossed_90|drawdown_recovery|early_cross_50|ending_bucket_90_99|ending_price_0099|extreme_range|favorite|first_set_loser|high_volatility|highly_oscillating_shape|huge_range|large_single_move|many_reversals|multi_crossed_40|multi_crossed_50|multi_crossed_60|multi_crossed_70|multi_crossed_75|multi_crossed_80|no_tiebreaker|opponent_daniel_dutra_da_silva|player_joao_lucas_reis_da_silva|resolved_near_100|second_set_winner|set_1_no_tiebreaker|set_2_no_tiebreaker|set_3_no_tiebreaker|starting_bucket_70_79|starting_price_0073|third_set_winner|three_set_match|uptrend_finish|v_shape_recovery|winner,3.2839,19.34,64,77.09,2,8,3,0.0
2026-03-09T18:56:00+00:00,61.6,37.49,3_sets|crossed_25|crossed_30|crossed_40|crossed_50|crossed_60|crossed_70|crossed_75|crossed_80|crossed_90|drawdown_recovery|early_cross_50|ending_bucket_90_99|ending_price_0099|extreme_range|favorite|first_set_loser|high_volatility|highly_oscillating_shape|huge_range|large_single_move|many_reversals|multi_crossed_40|multi_crossed_50|multi_crossed_60|multi_crossed_70|multi_crossed_75|multi_crossed_80|no_tiebreaker|opponent_daniel_dutra_da_silva|player_joao_lucas_reis_da_silva|resolved_near_100|second_set_winner|set_1_no_tiebreaker|set_2_no_tiebreaker|set_3_no_tiebreaker|starting_bucket_70_79|starting_price_0073|third_set_winner|three_set_match|uptrend_finish|v_shape_recovery|winner,3.2839,19.34,64,77.09,2,8,3,0.0
2026-03-09T18:57:00+00:00,61.98,39.9,3_sets|crossed_25|crossed_30|crossed_40|crossed_50|crossed_60|crossed_70|crossed_75|crossed_80|crossed_90|drawdown_recovery|early_cross_50|ending_bucket_90_99|ending_price_0099|extreme_range|favorite|first_set_loser|high_volatility|highly_oscillating_shape|huge_range|large_single_move|many_reversals|multi_crossed_40|multi_crossed_50|multi_crossed_60|multi_crossed_70|multi_crossed_75|multi_crossed_80|no_tiebreaker|opponent_daniel_dutra_da_silva|player_joao_lucas_reis_da_silva|resolved_near_100|second_set_winner|set_1_no_tiebreaker|set_2_no_tiebreaker|set_3_no_tiebreaker|starting_bucket_70_79|starting_price_0073|third_set_winner|three_set_match|uptrend_finish|v_shape_recovery|winner,3.2839,19.34,64,77.09,2,8,3,0.0
2026-03-09T18:58:00+00:00,60.53,40.0,3_sets|crossed_25|crossed_30|crossed_40|crossed_50|crossed_60|crossed_70|crossed_75|crossed_80|crossed_90|drawdown_recovery|early_cross_50|ending_bucket_90_99|ending_price_0099|extreme_range|favorite|first_set_loser|high_volatility|highly_oscillating_shape|huge_range|large_single_move|many_reversals|multi_crossed_40|multi_crossed_50|multi_crossed_60|multi_crossed_70|multi_crossed_75|multi_crossed_80|no_tiebreaker|opponent_daniel_dutra_da_silva|player_joao_lucas_reis_da_silva|resolved_near_100|second_set_winner|set_1_no_tiebreaker|set_2_no_tiebreaker|set_3_no_tiebreaker|starting_bucket_70_79|starting_price_0073|third_set_winner|three_set_match|uptrend_finish|v_shape_recovery|winner,3.2839,19.34,64,77.09,2,8,3,0.0
2026-03-09T18:59:00+00:00,61.92,40.0,3_sets|crossed_25|crossed_30|crossed_40|crossed_50|crossed_60|crossed_70|crossed_75|crossed_80|crossed_90|drawdown_recovery|early_cross_50|ending_bucket_90_99|ending_price_0099|extreme_range|favorite|first_set_loser|high_volatility|highly_oscillating_shape|huge_range|large_single_move|many_reversals|multi_crossed_40|multi_crossed_50|multi_crossed_60|multi_crossed_70|multi_crossed_75|multi_crossed_80|no_tiebreaker|opponent_daniel_dutra_da_silva|player_joao_lucas_reis_da_silva|resolved_near_100|second_set_winner|set_1_no_tiebreaker|set_2_no_tiebreaker|set_3_no_tiebreaker|starting_bucket_70_79|starting_price_0073|third_set_winner|three_set_match|uptrend_finish|v_shape_recovery|winner,3.2839,19.34,64,77.09,2,8,3,0.0
2026-03-09T19:00:00+00:00,59.11,40.38,3_sets|crossed_25|crossed_30|crossed_40|crossed_50|crossed_60|crossed_70|crossed_75|crossed_80|crossed_90|drawdown_recovery|early_cross_50|ending_bucket_90_99|ending_price_0099|extreme_range|favorite|first_set_loser|high_volatility|highly_oscillating_shape|huge_range|large_single_move|many_reversals|multi_crossed_40|multi_crossed_50|multi_crossed_60|multi_crossed_70|multi_crossed_75|multi_crossed_80|no_tiebreaker|opponent_daniel_dutra_da_silva|player_joao_lucas_reis_da_silva|resolved_near_100|second_set_winner|set_1_no_tiebreaker|set_2_no_tiebreaker|set_3_no_tiebreaker|starting_bucket_70_79|starting_price_0073|third_set_winner|three_set_match|uptrend_finish|v_shape_recovery|winner,3.2839,19.34,64,77.09,2,8,3,0.0
2026-03-09T19:01:00+00:00,61.76,39.25,3_sets|crossed_25|crossed_30|crossed_40|crossed_50|crossed_60|crossed_70|crossed_75|crossed_80|crossed_90|drawdown_recovery|early_cross_50|ending_bucket_90_99|ending_price_0099|extreme_range|favorite|first_set_loser|high_volatility|highly_oscillating_shape|huge_range|large_single_move|many_reversals|multi_crossed_40|multi_crossed_50|multi_crossed_60|multi_crossed_70|multi_crossed_75|multi_crossed_80|no_tiebreaker|opponent_daniel_dutra_da_silva|player_joao_lucas_reis_da_silva|resolved_near_100|second_set_winner|set_1_no_tiebreaker|set_2_no_tiebreaker|set_3_no_tiebreaker|starting_bucket_70_79|starting_price_0073|third_set_winner|three_set_match|uptrend_finish|v_shape_recovery|winner,3.2839,19.34,64,77.09,2,8,3,0.0
2026-03-09T19:02:00+00:00,61.3,37.94,3_sets|crossed_25|crossed_30|crossed_40|crossed_50|crossed_60|crossed_70|crossed_75|crossed_80|crossed_90|drawdown_recovery|early_cross_50|ending_bucket_90_99|ending_price_0099|extreme_range|favorite|first_set_loser|high_volatility|highly_oscillating_shape|huge_range|large_single_move|many_reversals|multi_crossed_40|multi_crossed_50|multi_crossed_60|multi_crossed_70|multi_crossed_75|multi_crossed_80|no_tiebreaker|opponent_daniel_dutra_da_silva|player_joao_lucas_reis_da_silva|resolved_near_100|second_set_winner|set_1_no_tiebreaker|set_2_no_tiebreaker|set_3_no_tiebreaker|starting_bucket_70_79|starting_price_0073|third_set_winner|three_set_match|uptrend_finish|v_shape_recovery|winner,3.2839,19.34,64,77.09,2,8,3,0.0
2026-03-09T19:03:00+00:00,62.0,38.45,3_sets|crossed_25|crossed_30|crossed_40|crossed_50|crossed_60|crossed_70|crossed_75|crossed_80|crossed_90|drawdown_recovery|early_cross_50|ending_bucket_90_99|ending_price_0099|extreme_range|favorite|first_set_loser|high_volatility|highly_oscillating_shape|huge_range|large_single_move|many_reversals|multi_crossed_40|multi_crossed_50|multi_crossed_60|multi_crossed_70|multi_crossed_75|multi_crossed_80|no_tiebreaker|opponent_daniel_dutra_da_silva|player_joao_lucas_reis_da_silva|resolved_near_100|second_set_winner|set_1_no_tiebreaker|set_2_no_tiebreaker|set_3_no_tiebreaker|starting_bucket_70_79|starting_price_0073|third_set_winner|three_set_match|uptrend_finish|v_shape_recovery|winner,3.2839,19.34,64,77.09,2,8,3,0.0
2026-03-09T19:04:00+00:00,61.34,39.06,3_sets|crossed_25|crossed_30|crossed_40|crossed_50|crossed_60|crossed_70|crossed_75|crossed_80|crossed_90|drawdown_recovery|early_cross_50|ending_bucket_90_99|ending_price_0099|extreme_range|favorite|first_set_loser|high_volatility|highly_oscillating_shape|huge_range|large_single_move|many_reversals|multi_crossed_40|multi_crossed_50|multi_crossed_60|multi_crossed_70|multi_crossed_75|multi_crossed_80|no_tiebreaker|opponent_daniel_dutra_da_silva|player_joao_lucas_reis_da_silva|resolved_near_100|second_set_winner|set_1_no_tiebreaker|set_2_no_tiebreaker|set_3_no_tiebreaker|starting_bucket_70_79|starting_price_0073|third_set_winner|three_set_match|uptrend_finish|v_shape_recovery|winner,3.2839,19.34,64,77.09,2,8,3,0.0
2026-03-09T19:05:00+00:00,61.3,40.57,3_sets|crossed_25|crossed_30|crossed_40|crossed_50|crossed_60|crossed_70|crossed_75|crossed_80|crossed_90|drawdown_recovery|early_cross_50|ending_bucket_90_99|ending_price_0099|extreme_range|favorite|first_set_loser|high_volatility|highly_oscillating_shape|huge_range|large_single_move|many_reversals|multi_crossed_40|multi_crossed_50|multi_crossed_60|multi_crossed_70|multi_crossed_75|multi_crossed_80|no_tiebreaker|opponent_daniel_dutra_da_silva|player_joao_lucas_reis_da_silva|resolved_near_100|second_set_winner|set_1_no_tiebreaker|set_2_no_tiebreaker|set_3_no_tiebreaker|starting_bucket_70_79|starting_price_0073|third_set_winner|three_set_match|uptrend_finish|v_shape_recovery|winner,3.2839,19.34,64,77.09,2,8,3,0.0
2026-03-09T19:06:00+00:00,66.14,37.77,3_sets|crossed_25|crossed_30|crossed_40|crossed_50|crossed_60|crossed_70|crossed_75|crossed_80|crossed_90|drawdown_recovery|early_cross_50|ending_bucket_90_99|ending_price_0099|extreme_range|favorite|first_set_loser|high_volatility|highly_oscillating_shape|huge_range|large_single_move|many_reversals|multi_crossed_40|multi_crossed_50|multi_crossed_60|multi_crossed_70|multi_crossed_75|multi_crossed_80|no_tiebreaker|opponent_daniel_dutra_da_silva|player_joao_lucas_reis_da_silva|resolved_near_100|second_set_winner|set_1_no_tiebreaker|set_2_no_tiebreaker|set_3_no_tiebreaker|starting_bucket_70_79|starting_price_0073|third_set_winner|three_set_match|uptrend_finish|v_shape_recovery|winner,3.2839,19.34,64,77.09,2,8,3,0.0
2026-03-09T19:07:00+00:00,67.91,32.36,3_sets|crossed_25|crossed_30|crossed_40|crossed_50|crossed_60|crossed_70|crossed_75|crossed_80|crossed_90|drawdown_recovery|early_cross_50|ending_bucket_90_99|ending_price_0099|extreme_range|favorite|first_set_loser|high_volatility|highly_oscillating_shape|huge_range|large_single_move|many_reversals|multi_crossed_40|multi_crossed_50|multi_crossed_60|multi_crossed_70|multi_crossed_75|multi_crossed_80|no_tiebreaker|opponent_daniel_dutra_da_silva|player_joao_lucas_reis_da_silva|resolved_near_100|second_set_winner|set_1_no_tiebreaker|set_2_no_tiebreaker|set_3_no_tiebreaker|starting_bucket_70_79|starting_price_0073|third_set_winner|three_set_match|uptrend_finish|v_shape_recovery|winner,3.2839,19.34,64,77.09,2,8,3,0.0
2026-03-09T19:08:00+00:00,68.1,32.96,3_sets|crossed_25|crossed_30|crossed_40|crossed_50|crossed_60|crossed_70|crossed_75|crossed_80|crossed_90|drawdown_recovery|early_cross_50|ending_bucket_90_99|ending_price_0099|extreme_range|favorite|first_set_loser|high_volatility|highly_oscillating_shape|huge_range|large_single_move|many_reversals|multi_crossed_40|multi_crossed_50|multi_crossed_60|multi_crossed_70|multi_crossed_75|multi_crossed_80|no_tiebreaker|opponent_daniel_dutra_da_silva|player_joao_lucas_reis_da_silva|resolved_near_100|second_set_winner|set_1_no_tiebreaker|set_2_no_tiebreaker|set_3_no_tiebreaker|starting_bucket_70_79|starting_price_0073|third_set_winner|three_set_match|uptrend_finish|v_shape_recovery|winner,3.2839,19.34,64,77.09,2,8,3,0.0
2026-03-09T19:09:00+00:00,68.99,34.32,3_sets|crossed_25|crossed_30|crossed_40|crossed_50|crossed_60|crossed_70|crossed_75|crossed_80|crossed_90|drawdown_recovery|early_cross_50|ending_bucket_90_99|ending_price_0099|extreme_range|favorite|first_set_loser|high_volatility|highly_oscillating_shape|huge_range|large_single_move|many_reversals|multi_crossed_40|multi_crossed_50|multi_crossed_60|multi_crossed_70|multi_crossed_75|multi_crossed_80|no_tiebreaker|opponent_daniel_dutra_da_silva|player_joao_lucas_reis_da_silva|resolved_near_100|second_set_winner|set_1_no_tiebreaker|set_2_no_tiebreaker|set_3_no_tiebreaker|starting_bucket_70_79|starting_price_0073|third_set_winner|three_set_match|uptrend_finish|v_shape_recovery|winner,3.2839,19.34,64,77.09,2,8,3,0.0
2026-03-09T19:10:00+00:00,61.59,37.63,3_sets|crossed_25|crossed_30|crossed_40|crossed_50|crossed_60|crossed_70|crossed_75|crossed_80|crossed_90|drawdown_recovery|early_cross_50|ending_bucket_90_99|ending_price_0099|extreme_range|favorite|first_set_loser|high_volatility|highly_oscillating_shape|huge_range|large_single_move|many_reversals|multi_crossed_40|multi_crossed_50|multi_crossed_60|multi_crossed_70|multi_crossed_75|multi_crossed_80|no_tiebreaker|opponent_daniel_dutra_da_silva|player_joao_lucas_reis_da_silva|resolved_near_100|second_set_winner|set_1_no_tiebreaker|set_2_no_tiebreaker|set_3_no_tiebreaker|starting_bucket_70_79|starting_price_0073|third_set_winner|three_set_match|uptrend_finish|v_shape_recovery|winner,3.2839,19.34,64,77.09,2,8,3,0.0
2026-03-09T19:11:00+00:00,54.93,40.65,3_sets|crossed_25|crossed_30|crossed_40|crossed_50|crossed_60|crossed_70|crossed_75|crossed_80|crossed_90|drawdown_recovery|early_cross_50|ending_bucket_90_99|ending_price_0099|extreme_range|favorite|first_set_loser|high_volatility|highly_oscillating_shape|huge_range|large_single_move|many_reversals|multi_crossed_40|multi_crossed_50|multi_crossed_60|multi_crossed_70|multi_crossed_75|multi_crossed_80|no_tiebreaker|opponent_daniel_dutra_da_silva|player_joao_lucas_reis_da_silva|resolved_near_100|second_set_winner|set_1_no_tiebreaker|set_2_no_tiebreaker|set_3_no_tiebreaker|starting_bucket_70_79|starting_price_0073|third_set_winner|three_set_match|uptrend_finish|v_shape_recovery|winner,3.2839,19.34,64,77.09,2,8,3,0.0
2026-03-09T19:12:00+00:00,56.95,43.17,3_sets|crossed_25|crossed_30|crossed_40|crossed_50|crossed_60|crossed_70|crossed_75|crossed_80|crossed_90|drawdown_recovery|early_cross_50|ending_bucket_90_99|ending_price_0099|extreme_range|favorite|first_set_loser|high_volatility|highly_oscillating_shape|huge_range|large_single_move|many_reversals|multi_crossed_40|multi_crossed_50|multi_crossed_60|multi_crossed_70|multi_crossed_75|multi_crossed_80|no_tiebreaker|opponent_daniel_dutra_da_silva|player_joao_lucas_reis_da_silva|resolved_near_100|second_set_winner|set_1_no_tiebreaker|set_2_no_tiebreaker|set_3_no_tiebreaker|starting_bucket_70_79|starting_price_0073|third_set_winner|three_set_match|uptrend_finish|v_shape_recovery|winner,3.2839,19.34,64,77.09,2,8,3,0.0
2026-03-09T19:13:00+00:00,55.23,49.23,3_sets|crossed_25|crossed_30|crossed_40|crossed_50|crossed_60|crossed_70|crossed_75|crossed_80|crossed_90|drawdown_recovery|early_cross_50|ending_bucket_90_99|ending_price_0099|extreme_range|favorite|first_set_loser|high_volatility|highly_oscillating_shape|huge_range|large_single_move|many_reversals|multi_crossed_40|multi_crossed_50|multi_crossed_60|multi_crossed_70|multi_crossed_75|multi_crossed_80|no_tiebreaker|opponent_daniel_dutra_da_silva|player_joao_lucas_reis_da_silva|resolved_near_100|second_set_winner|set_1_no_tiebreaker|set_2_no_tiebreaker|set_3_no_tiebreaker|starting_bucket_70_79|starting_price_0073|third_set_winner|three_set_match|uptrend_finish|v_shape_recovery|winner,3.2839,19.34,64,77.09,2,8,3,0.0
2026-03-09T19:14:00+00:00,57.05,42.99,3_sets|crossed_25|crossed_30|crossed_40|crossed_50|crossed_60|crossed_70|crossed_75|crossed_80|crossed_90|drawdown_recovery|early_cross_50|ending_bucket_90_99|ending_price_0099|extreme_range|favorite|first_set_loser|high_volatility|highly_oscillating_shape|huge_range|large_single_move|many_reversals|multi_crossed_40|multi_crossed_50|multi_crossed_60|multi_crossed_70|multi_crossed_75|multi_crossed_80|no_tiebreaker|opponent_daniel_dutra_da_silva|player_joao_lucas_reis_da_silva|resolved_near_100|second_set_winner|set_1_no_tiebreaker|set_2_no_tiebreaker|set_3_no_tiebreaker|starting_bucket_70_79|starting_price_0073|third_set_winner|three_set_match|uptrend_finish|v_shape_recovery|winner,3.2839,19.34,64,77.09,2,8,3,0.0
2026-03-09T19:15:00+00:00,60.66,37.22,3_sets|crossed_25|crossed_30|crossed_40|crossed_50|crossed_60|crossed_70|crossed_75|crossed_80|crossed_90|drawdown_recovery|early_cross_50|ending_bucket_90_99|ending_price_0099|extreme_range|favorite|first_set_loser|high_volatility|highly_oscillating_shape|huge_range|large_single_move|many_reversals|multi_crossed_40|multi_crossed_50|multi_crossed_60|multi_crossed_70|multi_crossed_75|multi_crossed_80|no_tiebreaker|opponent_daniel_dutra_da_silva|player_joao_lucas_reis_da_silva|resolved_near_100|second_set_winner|set_1_no_tiebreaker|set_2_no_tiebreaker|set_3_no_tiebreaker|starting_bucket_70_79|starting_price_0073|third_set_winner|three_set_match|uptrend_finish|v_shape_recovery|winner,3.2839,19.34,64,77.09,2,8,3,0.0
2026-03-09T19:16:00+00:00,69.18,34.19,3_sets|crossed_25|crossed_30|crossed_40|crossed_50|crossed_60|crossed_70|crossed_75|crossed_80|crossed_90|drawdown_recovery|early_cross_50|ending_bucket_90_99|ending_price_0099|extreme_range|favorite|first_set_loser|high_volatility|highly_oscillating_shape|huge_range|large_single_move|many_reversals|multi_crossed_40|multi_crossed_50|multi_crossed_60|multi_crossed_70|multi_crossed_75|multi_crossed_80|no_tiebreaker|opponent_daniel_dutra_da_silva|player_joao_lucas_reis_da_silva|resolved_near_100|second_set_winner|set_1_no_tiebreaker|set_2_no_tiebreaker|set_3_no_tiebreaker|starting_bucket_70_79|starting_price_0073|third_set_winner|three_set_match|uptrend_finish|v_shape_recovery|winner,3.2839,19.34,64,77.09,2,8,3,0.0
2026-03-09T19:17:00+00:00,66.92,30.34,3_sets|crossed_25|crossed_30|crossed_40|crossed_50|crossed_60|crossed_70|crossed_75|crossed_80|crossed_90|drawdown_recovery|early_cross_50|ending_bucket_90_99|ending_price_0099|extreme_range|favorite|first_set_loser|high_volatility|highly_oscillating_shape|huge_range|large_single_move|many_reversals|multi_crossed_40|multi_crossed_50|multi_crossed_60|multi_crossed_70|multi_crossed_75|multi_crossed_80|no_tiebreaker|opponent_daniel_dutra_da_silva|player_joao_lucas_reis_da_silva|resolved_near_100|second_set_winner|set_1_no_tiebreaker|set_2_no_tiebreaker|set_3_no_tiebreaker|starting_bucket_70_79|starting_price_0073|third_set_winner|three_set_match|uptrend_finish|v_shape_recovery|winner,3.2839,19.34,64,77.09,2,8,3,0.0
2026-03-09T19:18:00+00:00,68.84,29.95,3_sets|crossed_25|crossed_30|crossed_40|crossed_50|crossed_60|crossed_70|crossed_75|crossed_80|crossed_90|drawdown_recovery|early_cross_50|ending_bucket_90_99|ending_price_0099|extreme_range|favorite|first_set_loser|high_volatility|highly_oscillating_shape|huge_range|large_single_move|many_reversals|multi_crossed_40|multi_crossed_50|multi_crossed_60|multi_crossed_70|multi_crossed_75|multi_crossed_80|no_tiebreaker|opponent_daniel_dutra_da_silva|player_joao_lucas_reis_da_silva|resolved_near_100|second_set_winner|set_1_no_tiebreaker|set_2_no_tiebreaker|set_3_no_tiebreaker|starting_bucket_70_79|starting_price_0073|third_set_winner|three_set_match|uptrend_finish|v_shape_recovery|winner,3.2839,19.34,64,77.09,2,8,3,0.0
2026-03-09T19:19:00+00:00,75.23,27.99,3_sets|crossed_25|crossed_30|crossed_40|crossed_50|crossed_60|crossed_70|crossed_75|crossed_80|crossed_90|drawdown_recovery|early_cross_50|ending_bucket_90_99|ending_price_0099|extreme_range|favorite|first_set_loser|high_volatility|highly_oscillating_shape|huge_range|large_single_move|many_reversals|multi_crossed_40|multi_crossed_50|multi_crossed_60|multi_crossed_70|multi_crossed_75|multi_crossed_80|no_tiebreaker|opponent_daniel_dutra_da_silva|player_joao_lucas_reis_da_silva|resolved_near_100|second_set_winner|set_1_no_tiebreaker|set_2_no_tiebreaker|set_3_no_tiebreaker|starting_bucket_70_79|starting_price_0073|third_set_winner|three_set_match|uptrend_finish|v_shape_recovery|winner,3.2839,19.34,64,77.09,2,8,3,0.0
2026-03-09T19:20:00+00:00,81.98,19.98,3_sets|crossed_25|crossed_30|crossed_40|crossed_50|crossed_60|crossed_70|crossed_75|crossed_80|crossed_90|drawdown_recovery|early_cross_50|ending_bucket_90_99|ending_price_0099|extreme_range|favorite|first_set_loser|high_volatility|highly_oscillating_shape|huge_range|large_single_move|many_reversals|multi_crossed_40|multi_crossed_50|multi_crossed_60|multi_crossed_70|multi_crossed_75|multi_crossed_80|no_tiebreaker|opponent_daniel_dutra_da_silva|player_joao_lucas_reis_da_silva|resolved_near_100|second_set_winner|set_1_no_tiebreaker|set_2_no_tiebreaker|set_3_no_tiebreaker|starting_bucket_70_79|starting_price_0073|third_set_winner|three_set_match|uptrend_finish|v_shape_recovery|winner,3.2839,19.34,64,77.09,2,8,3,0.0
2026-03-09T19:21:00+00:00,82.71,17.81,3_sets|crossed_25|crossed_30|crossed_40|crossed_50|crossed_60|crossed_70|crossed_75|crossed_80|crossed_90|drawdown_recovery|early_cross_50|ending_bucket_90_99|ending_price_0099|extreme_range|favorite|first_set_loser|high_volatility|highly_oscillating_shape|huge_range|large_single_move|many_reversals|multi_crossed_40|multi_crossed_50|multi_crossed_60|multi_crossed_70|multi_crossed_75|multi_crossed_80|no_tiebreaker|opponent_daniel_dutra_da_silva|player_joao_lucas_reis_da_silva|resolved_near_100|second_set_winner|set_1_no_tiebreaker|set_2_no_tiebreaker|set_3_no_tiebreaker|starting_bucket_70_79|starting_price_0073|third_set_winner|three_set_match|uptrend_finish|v_shape_recovery|winner,3.2839,19.34,64,77.09,2,8,3,0.0
2026-03-09T19:22:00+00:00,87.04,11.21,3_sets|crossed_25|crossed_30|crossed_40|crossed_50|crossed_60|crossed_70|crossed_75|crossed_80|crossed_90|drawdown_recovery|early_cross_50|ending_bucket_90_99|ending_price_0099|extreme_range|favorite|first_set_loser|high_volatility|highly_oscillating_shape|huge_range|large_single_move|many_reversals|multi_crossed_40|multi_crossed_50|multi_crossed_60|multi_crossed_70|multi_crossed_75|multi_crossed_80|no_tiebreaker|opponent_daniel_dutra_da_silva|player_joao_lucas_reis_da_silva|resolved_near_100|second_set_winner|set_1_no_tiebreaker|set_2_no_tiebreaker|set_3_no_tiebreaker|starting_bucket_70_79|starting_price_0073|third_set_winner|three_set_match|uptrend_finish|v_shape_recovery|winner,3.2839,19.34,64,77.09,2,8,3,0.0
2026-03-09T19:23:00+00:00,88.37,9.65,3_sets|crossed_25|crossed_30|crossed_40|crossed_50|crossed_60|crossed_70|crossed_75|crossed_80|crossed_90|drawdown_recovery|early_cross_50|ending_bucket_90_99|ending_price_0099|extreme_range|favorite|first_set_loser|high_volatility|highly_oscillating_shape|huge_range|large_single_move|many_reversals|multi_crossed_40|multi_crossed_50|multi_crossed_60|multi_crossed_70|multi_crossed_75|multi_crossed_80|no_tiebreaker|opponent_daniel_dutra_da_silva|player_joao_lucas_reis_da_silva|resolved_near_100|second_set_winner|set_1_no_tiebreaker|set_2_no_tiebreaker|set_3_no_tiebreaker|starting_bucket_70_79|starting_price_0073|third_set_winner|three_set_match|uptrend_finish|v_shape_recovery|winner,3.2839,19.34,64,77.09,2,8,3,0.0
2026-03-09T19:24:00+00:00,85.12,11.04,3_sets|crossed_25|crossed_30|crossed_40|crossed_50|crossed_60|crossed_70|crossed_75|crossed_80|crossed_90|drawdown_recovery|early_cross_50|ending_bucket_90_99|ending_price_0099|extreme_range|favorite|first_set_loser|high_volatility|highly_oscillating_shape|huge_range|large_single_move|many_reversals|multi_crossed_40|multi_crossed_50|multi_crossed_60|multi_crossed_70|multi_crossed_75|multi_crossed_80|no_tiebreaker|opponent_daniel_dutra_da_silva|player_joao_lucas_reis_da_silva|resolved_near_100|second_set_winner|set_1_no_tiebreaker|set_2_no_tiebreaker|set_3_no_tiebreaker|starting_bucket_70_79|starting_price_0073|third_set_winner|three_set_match|uptrend_finish|v_shape_recovery|winner,3.2839,19.34,64,77.09,2,8,3,0.0
2026-03-09T19:25:00+00:00,79.49,21.21,3_sets|crossed_25|crossed_30|crossed_40|crossed_50|crossed_60|crossed_70|crossed_75|crossed_80|crossed_90|drawdown_recovery|early_cross_50|ending_bucket_90_99|ending_price_0099|extreme_range|favorite|first_set_loser|high_volatility|highly_oscillating_shape|huge_range|large_single_move|many_reversals|multi_crossed_40|multi_crossed_50|multi_crossed_60|multi_crossed_70|multi_crossed_75|multi_crossed_80|no_tiebreaker|opponent_daniel_dutra_da_silva|player_joao_lucas_reis_da_silva|resolved_near_100|second_set_winner|set_1_no_tiebreaker|set_2_no_tiebreaker|set_3_no_tiebreaker|starting_bucket_70_79|starting_price_0073|third_set_winner|three_set_match|uptrend_finish|v_shape_recovery|winner,3.2839,19.34,64,77.09,2,8,3,0.0
2026-03-09T19:26:00+00:00,64.45,33.19,3_sets|crossed_25|crossed_30|crossed_40|crossed_50|crossed_60|crossed_70|crossed_75|crossed_80|crossed_90|drawdown_recovery|early_cross_50|ending_bucket_90_99|ending_price_0099|extreme_range|favorite|first_set_loser|high_volatility|highly_oscillating_shape|huge_range|large_single_move|many_reversals|multi_crossed_40|multi_crossed_50|multi_crossed_60|multi_crossed_70|multi_crossed_75|multi_crossed_80|no_tiebreaker|opponent_daniel_dutra_da_silva|player_joao_lucas_reis_da_silva|resolved_near_100|second_set_winner|set_1_no_tiebreaker|set_2_no_tiebreaker|set_3_no_tiebreaker|starting_bucket_70_79|starting_price_0073|third_set_winner|three_set_match|uptrend_finish|v_shape_recovery|winner,3.2839,19.34,64,77.09,2,8,3,0.0
2026-03-09T19:27:00+00:00,64.84,34.92,3_sets|crossed_25|crossed_30|crossed_40|crossed_50|crossed_60|crossed_70|crossed_75|crossed_80|crossed_90|drawdown_recovery|early_cross_50|ending_bucket_90_99|ending_price_0099|extreme_range|favorite|first_set_loser|high_volatility|highly_oscillating_shape|huge_range|large_single_move|many_reversals|multi_crossed_40|multi_crossed_50|multi_crossed_60|multi_crossed_70|multi_crossed_75|multi_crossed_80|no_tiebreaker|opponent_daniel_dutra_da_silva|player_joao_lucas_reis_da_silva|resolved_near_100|second_set_winner|set_1_no_tiebreaker|set_2_no_tiebreaker|set_3_no_tiebreaker|starting_bucket_70_79|starting_price_0073|third_set_winner|three_set_match|uptrend_finish|v_shape_recovery|winner,3.2839,19.34,64,77.09,2,8,3,0.0
2026-03-09T19:28:00+00:00,68.59,33.03,3_sets|crossed_25|crossed_30|crossed_40|crossed_50|crossed_60|crossed_70|crossed_75|crossed_80|crossed_90|drawdown_recovery|early_cross_50|ending_bucket_90_99|ending_price_0099|extreme_range|favorite|first_set_loser|high_volatility|highly_oscillating_shape|huge_range|large_single_move|many_reversals|multi_crossed_40|multi_crossed_50|multi_crossed_60|multi_crossed_70|multi_crossed_75|multi_crossed_80|no_tiebreaker|opponent_daniel_dutra_da_silva|player_joao_lucas_reis_da_silva|resolved_near_100|second_set_winner|set_1_no_tiebreaker|set_2_no_tiebreaker|set_3_no_tiebreaker|starting_bucket_70_79|starting_price_0073|third_set_winner|three_set_match|uptrend_finish|v_shape_recovery|winner,3.2839,19.34,64,77.09,2,8,3,0.0
2026-03-09T19:29:00+00:00,68.54,27.3,3_sets|crossed_25|crossed_30|crossed_40|crossed_50|crossed_60|crossed_70|crossed_75|crossed_80|crossed_90|drawdown_recovery|early_cross_50|ending_bucket_90_99|ending_price_0099|extreme_range|favorite|first_set_loser|high_volatility|highly_oscillating_shape|huge_range|large_single_move|many_reversals|multi_crossed_40|multi_crossed_50|multi_crossed_60|multi_crossed_70|multi_crossed_75|multi_crossed_80|no_tiebreaker|opponent_daniel_dutra_da_silva|player_joao_lucas_reis_da_silva|resolved_near_100|second_set_winner|set_1_no_tiebreaker|set_2_no_tiebreaker|set_3_no_tiebreaker|starting_bucket_70_79|starting_price_0073|third_set_winner|three_set_match|uptrend_finish|v_shape_recovery|winner,3.2839,19.34,64,77.09,2,8,3,0.0
2026-03-09T19:30:00+00:00,61.25,43.51,3_sets|crossed_25|crossed_30|crossed_40|crossed_50|crossed_60|crossed_70|crossed_75|crossed_80|crossed_90|drawdown_recovery|early_cross_50|ending_bucket_90_99|ending_price_0099|extreme_range|favorite|first_set_loser|high_volatility|highly_oscillating_shape|huge_range|large_single_move|many_reversals|multi_crossed_40|multi_crossed_50|multi_crossed_60|multi_crossed_70|multi_crossed_75|multi_crossed_80|no_tiebreaker|opponent_daniel_dutra_da_silva|player_joao_lucas_reis_da_silva|resolved_near_100|second_set_winner|set_1_no_tiebreaker|set_2_no_tiebreaker|set_3_no_tiebreaker|starting_bucket_70_79|starting_price_0073|third_set_winner|three_set_match|uptrend_finish|v_shape_recovery|winner,3.2839,19.34,64,77.09,2,8,3,0.0
2026-03-09T19:31:00+00:00,60.9,40.94,3_sets|crossed_25|crossed_30|crossed_40|crossed_50|crossed_60|crossed_70|crossed_75|crossed_80|crossed_90|drawdown_recovery|early_cross_50|ending_bucket_90_99|ending_price_0099|extreme_range|favorite|first_set_loser|high_volatility|highly_oscillating_shape|huge_range|large_single_move|many_reversals|multi_crossed_40|multi_crossed_50|multi_crossed_60|multi_crossed_70|multi_crossed_75|multi_crossed_80|no_tiebreaker|opponent_daniel_dutra_da_silva|player_joao_lucas_reis_da_silva|resolved_near_100|second_set_winner|set_1_no_tiebreaker|set_2_no_tiebreaker|set_3_no_tiebreaker|starting_bucket_70_79|starting_price_0073|third_set_winner|three_set_match|uptrend_finish|v_shape_recovery|winner,3.2839,19.34,64,77.09,2,8,3,0.0
2026-03-09T19:32:00+00:00,63.2,39.24,3_sets|crossed_25|crossed_30|crossed_40|crossed_50|crossed_60|crossed_70|crossed_75|crossed_80|crossed_90|drawdown_recovery|early_cross_50|ending_bucket_90_99|ending_price_0099|extreme_range|favorite|first_set_loser|high_volatility|highly_oscillating_shape|huge_range|large_single_move|many_reversals|multi_crossed_40|multi_crossed_50|multi_crossed_60|multi_crossed_70|multi_crossed_75|multi_crossed_80|no_tiebreaker|opponent_daniel_dutra_da_silva|player_joao_lucas_reis_da_silva|resolved_near_100|second_set_winner|set_1_no_tiebreaker|set_2_no_tiebreaker|set_3_no_tiebreaker|starting_bucket_70_79|starting_price_0073|third_set_winner|three_set_match|uptrend_finish|v_shape_recovery|winner,3.2839,19.34,64,77.09,2,8,3,0.0
2026-03-09T19:33:00+00:00,67.21,36.47,3_sets|crossed_25|crossed_30|crossed_40|crossed_50|crossed_60|crossed_70|crossed_75|crossed_80|crossed_90|drawdown_recovery|early_cross_50|ending_bucket_90_99|ending_price_0099|extreme_range|favorite|first_set_loser|high_volatility|highly_oscillating_shape|huge_range|large_single_move|many_reversals|multi_crossed_40|multi_crossed_50|multi_crossed_60|multi_crossed_70|multi_crossed_75|multi_crossed_80|no_tiebreaker|opponent_daniel_dutra_da_silva|player_joao_lucas_reis_da_silva|resolved_near_100|second_set_winner|set_1_no_tiebreaker|set_2_no_tiebreaker|set_3_no_tiebreaker|starting_bucket_70_79|starting_price_0073|third_set_winner|three_set_match|uptrend_finish|v_shape_recovery|winner,3.2839,19.34,64,77.09,2,8,3,0.0
2026-03-09T19:34:00+00:00,66.36,39.17,3_sets|crossed_25|crossed_30|crossed_40|crossed_50|crossed_60|crossed_70|crossed_75|crossed_80|crossed_90|drawdown_recovery|early_cross_50|ending_bucket_90_99|ending_price_0099|extreme_range|favorite|first_set_loser|high_volatility|highly_oscillating_shape|huge_range|large_single_move|many_reversals|multi_crossed_40|multi_crossed_50|multi_crossed_60|multi_crossed_70|multi_crossed_75|multi_crossed_80|no_tiebreaker|opponent_daniel_dutra_da_silva|player_joao_lucas_reis_da_silva|resolved_near_100|second_set_winner|set_1_no_tiebreaker|set_2_no_tiebreaker|set_3_no_tiebreaker|starting_bucket_70_79|starting_price_0073|third_set_winner|three_set_match|uptrend_finish|v_shape_recovery|winner,3.2839,19.34,64,77.09,2,8,3,0.0
2026-03-09T19:35:00+00:00,47.02,54.83,3_sets|crossed_25|crossed_30|crossed_40|crossed_50|crossed_60|crossed_70|crossed_75|crossed_80|crossed_90|drawdown_recovery|early_cross_50|ending_bucket_90_99|ending_price_0099|extreme_range|favorite|first_set_loser|high_volatility|highly_oscillating_shape|huge_range|large_single_move|many_reversals|multi_crossed_40|multi_crossed_50|multi_crossed_60|multi_crossed_70|multi_crossed_75|multi_crossed_80|no_tiebreaker|opponent_daniel_dutra_da_silva|player_joao_lucas_reis_da_silva|resolved_near_100|second_set_winner|set_1_no_tiebreaker|set_2_no_tiebreaker|set_3_no_tiebreaker|starting_bucket_70_79|starting_price_0073|third_set_winner|three_set_match|uptrend_finish|v_shape_recovery|winner,3.2839,19.34,64,77.09,2,8,3,0.0
2026-03-09T19:36:00+00:00,48.05,51.1,3_sets|crossed_25|crossed_30|crossed_40|crossed_50|crossed_60|crossed_70|crossed_75|crossed_80|crossed_90|drawdown_recovery|early_cross_50|ending_bucket_90_99|ending_price_0099|extreme_range|favorite|first_set_loser|high_volatility|highly_oscillating_shape|huge_range|large_single_move|many_reversals|multi_crossed_40|multi_crossed_50|multi_crossed_60|multi_crossed_70|multi_crossed_75|multi_crossed_80|no_tiebreaker|opponent_daniel_dutra_da_silva|player_joao_lucas_reis_da_silva|resolved_near_100|second_set_winner|set_1_no_tiebreaker|set_2_no_tiebreaker|set_3_no_tiebreaker|starting_bucket_70_79|starting_price_0073|third_set_winner|three_set_match|uptrend_finish|v_shape_recovery|winner,3.2839,19.34,64,77.09,2,8,3,0.0
2026-03-09T19:37:00+00:00,49.09,54.25,3_sets|crossed_25|crossed_30|crossed_40|crossed_50|crossed_60|crossed_70|crossed_75|crossed_80|crossed_90|drawdown_recovery|early_cross_50|ending_bucket_90_99|ending_price_0099|extreme_range|favorite|first_set_loser|high_volatility|highly_oscillating_shape|huge_range|large_single_move|many_reversals|multi_crossed_40|multi_crossed_50|multi_crossed_60|multi_crossed_70|multi_crossed_75|multi_crossed_80|no_tiebreaker|opponent_daniel_dutra_da_silva|player_joao_lucas_reis_da_silva|resolved_near_100|second_set_winner|set_1_no_tiebreaker|set_2_no_tiebreaker|set_3_no_tiebreaker|starting_bucket_70_79|starting_price_0073|third_set_winner|three_set_match|uptrend_finish|v_shape_recovery|winner,3.2839,19.34,64,77.09,2,8,3,0.0
2026-03-09T19:38:00+00:00,43.6,52.28,3_sets|crossed_25|crossed_30|crossed_40|crossed_50|crossed_60|crossed_70|crossed_75|crossed_80|crossed_90|drawdown_recovery|early_cross_50|ending_bucket_90_99|ending_price_0099|extreme_range|favorite|first_set_loser|high_volatility|highly_oscillating_shape|huge_range|large_single_move|many_reversals|multi_crossed_40|multi_crossed_50|multi_crossed_60|multi_crossed_70|multi_crossed_75|multi_crossed_80|no_tiebreaker|opponent_daniel_dutra_da_silva|player_joao_lucas_reis_da_silva|resolved_near_100|second_set_winner|set_1_no_tiebreaker|set_2_no_tiebreaker|set_3_no_tiebreaker|starting_bucket_70_79|starting_price_0073|third_set_winner|three_set_match|uptrend_finish|v_shape_recovery|winner,3.2839,19.34,64,77.09,2,8,3,0.0
2026-03-09T19:39:00+00:00,58.89,46.28,3_sets|crossed_25|crossed_30|crossed_40|crossed_50|crossed_60|crossed_70|crossed_75|crossed_80|crossed_90|drawdown_recovery|early_cross_50|ending_bucket_90_99|ending_price_0099|extreme_range|favorite|first_set_loser|high_volatility|highly_oscillating_shape|huge_range|large_single_move|many_reversals|multi_crossed_40|multi_crossed_50|multi_crossed_60|multi_crossed_70|multi_crossed_75|multi_crossed_80|no_tiebreaker|opponent_daniel_dutra_da_silva|player_joao_lucas_reis_da_silva|resolved_near_100|second_set_winner|set_1_no_tiebreaker|set_2_no_tiebreaker|set_3_no_tiebreaker|starting_bucket_70_79|starting_price_0073|third_set_winner|three_set_match|uptrend_finish|v_shape_recovery|winner,3.2839,19.34,64,77.09,2,8,3,0.0
2026-03-09T19:40:00+00:00,56.92,44.88,3_sets|crossed_25|crossed_30|crossed_40|crossed_50|crossed_60|crossed_70|crossed_75|crossed_80|crossed_90|drawdown_recovery|early_cross_50|ending_bucket_90_99|ending_price_0099|extreme_range|favorite|first_set_loser|high_volatility|highly_oscillating_shape|huge_range|large_single_move|many_reversals|multi_crossed_40|multi_crossed_50|multi_crossed_60|multi_crossed_70|multi_crossed_75|multi_crossed_80|no_tiebreaker|opponent_daniel_dutra_da_silva|player_joao_lucas_reis_da_silva|resolved_near_100|second_set_winner|set_1_no_tiebreaker|set_2_no_tiebreaker|set_3_no_tiebreaker|starting_bucket_70_79|starting_price_0073|third_set_winner|three_set_match|uptrend_finish|v_shape_recovery|winner,3.2839,19.34,64,77.09,2,8,3,0.0
2026-03-09T19:41:00+00:00,64.09,34.45,3_sets|crossed_25|crossed_30|crossed_40|crossed_50|crossed_60|crossed_70|crossed_75|crossed_80|crossed_90|drawdown_recovery|early_cross_50|ending_bucket_90_99|ending_price_0099|extreme_range|favorite|first_set_loser|high_volatility|highly_oscillating_shape|huge_range|large_single_move|many_reversals|multi_crossed_40|multi_crossed_50|multi_crossed_60|multi_crossed_70|multi_crossed_75|multi_crossed_80|no_tiebreaker|opponent_daniel_dutra_da_silva|player_joao_lucas_reis_da_silva|resolved_near_100|second_set_winner|set_1_no_tiebreaker|set_2_no_tiebreaker|set_3_no_tiebreaker|starting_bucket_70_79|starting_price_0073|third_set_winner|three_set_match|uptrend_finish|v_shape_recovery|winner,3.2839,19.34,64,77.09,2,8,3,0.0
2026-03-09T19:42:00+00:00,67.26,33.73,3_sets|crossed_25|crossed_30|crossed_40|crossed_50|crossed_60|crossed_70|crossed_75|crossed_80|crossed_90|drawdown_recovery|early_cross_50|ending_bucket_90_99|ending_price_0099|extreme_range|favorite|first_set_loser|high_volatility|highly_oscillating_shape|huge_range|large_single_move|many_reversals|multi_crossed_40|multi_crossed_50|multi_crossed_60|multi_crossed_70|multi_crossed_75|multi_crossed_80|no_tiebreaker|opponent_daniel_dutra_da_silva|player_joao_lucas_reis_da_silva|resolved_near_100|second_set_winner|set_1_no_tiebreaker|set_2_no_tiebreaker|set_3_no_tiebreaker|starting_bucket_70_79|starting_price_0073|third_set_winner|three_set_match|uptrend_finish|v_shape_recovery|winner,3.2839,19.34,64,77.09,2,8,3,0.0
2026-03-09T19:43:00+00:00,62.35,36.76,3_sets|crossed_25|crossed_30|crossed_40|crossed_50|crossed_60|crossed_70|crossed_75|crossed_80|crossed_90|drawdown_recovery|early_cross_50|ending_bucket_90_99|ending_price_0099|extreme_range|favorite|first_set_loser|high_volatility|highly_oscillating_shape|huge_range|large_single_move|many_reversals|multi_crossed_40|multi_crossed_50|multi_crossed_60|multi_crossed_70|multi_crossed_75|multi_crossed_80|no_tiebreaker|opponent_daniel_dutra_da_silva|player_joao_lucas_reis_da_silva|resolved_near_100|second_set_winner|set_1_no_tiebreaker|set_2_no_tiebreaker|set_3_no_tiebreaker|starting_bucket_70_79|starting_price_0073|third_set_winner|three_set_match|uptrend_finish|v_shape_recovery|winner,3.2839,19.34,64,77.09,2,8,3,0.0
2026-03-09T19:44:00+00:00,68.0,33.73,3_sets|crossed_25|crossed_30|crossed_40|crossed_50|crossed_60|crossed_70|crossed_75|crossed_80|crossed_90|drawdown_recovery|early_cross_50|ending_bucket_90_99|ending_price_0099|extreme_range|favorite|first_set_loser|high_volatility|highly_oscillating_shape|huge_range|large_single_move|many_reversals|multi_crossed_40|multi_crossed_50|multi_crossed_60|multi_crossed_70|multi_crossed_75|multi_crossed_80|no_tiebreaker|opponent_daniel_dutra_da_silva|player_joao_lucas_reis_da_silva|resolved_near_100|second_set_winner|set_1_no_tiebreaker|set_2_no_tiebreaker|set_3_no_tiebreaker|starting_bucket_70_79|starting_price_0073|third_set_winner|three_set_match|uptrend_finish|v_shape_recovery|winner,3.2839,19.34,64,77.09,2,8,3,0.0
2026-03-09T19:45:00+00:00,63.25,37.64,3_sets|crossed_25|crossed_30|crossed_40|crossed_50|crossed_60|crossed_70|crossed_75|crossed_80|crossed_90|drawdown_recovery|early_cross_50|ending_bucket_90_99|ending_price_0099|extreme_range|favorite|first_set_loser|high_volatility|highly_oscillating_shape|huge_range|large_single_move|many_reversals|multi_crossed_40|multi_crossed_50|multi_crossed_60|multi_crossed_70|multi_crossed_75|multi_crossed_80|no_tiebreaker|opponent_daniel_dutra_da_silva|player_joao_lucas_reis_da_silva|resolved_near_100|second_set_winner|set_1_no_tiebreaker|set_2_no_tiebreaker|set_3_no_tiebreaker|starting_bucket_70_79|starting_price_0073|third_set_winner|three_set_match|uptrend_finish|v_shape_recovery|winner,3.2839,19.34,64,77.09,2,8,3,0.0
2026-03-09T19:46:00+00:00,55.46,44.57,3_sets|crossed_25|crossed_30|crossed_40|crossed_50|crossed_60|crossed_70|crossed_75|crossed_80|crossed_90|drawdown_recovery|early_cross_50|ending_bucket_90_99|ending_price_0099|extreme_range|favorite|first_set_loser|high_volatility|highly_oscillating_shape|huge_range|large_single_move|many_reversals|multi_crossed_40|multi_crossed_50|multi_crossed_60|multi_crossed_70|multi_crossed_75|multi_crossed_80|no_tiebreaker|opponent_daniel_dutra_da_silva|player_joao_lucas_reis_da_silva|resolved_near_100|second_set_winner|set_1_no_tiebreaker|set_2_no_tiebreaker|set_3_no_tiebreaker|starting_bucket_70_79|starting_price_0073|third_set_winner|three_set_match|uptrend_finish|v_shape_recovery|winner,3.2839,19.34,64,77.09,2,8,3,0.0
2026-03-09T19:47:00+00:00,55.76,46.14,3_sets|crossed_25|crossed_30|crossed_40|crossed_50|crossed_60|crossed_70|crossed_75|crossed_80|crossed_90|drawdown_recovery|early_cross_50|ending_bucket_90_99|ending_price_0099|extreme_range|favorite|first_set_loser|high_volatility|highly_oscillating_shape|huge_range|large_single_move|many_reversals|multi_crossed_40|multi_crossed_50|multi_crossed_60|multi_crossed_70|multi_crossed_75|multi_crossed_80|no_tiebreaker|opponent_daniel_dutra_da_silva|player_joao_lucas_reis_da_silva|resolved_near_100|second_set_winner|set_1_no_tiebreaker|set_2_no_tiebreaker|set_3_no_tiebreaker|starting_bucket_70_79|starting_price_0073|third_set_winner|three_set_match|uptrend_finish|v_shape_recovery|winner,3.2839,19.34,64,77.09,2,8,3,0.0
2026-03-09T19:48:00+00:00,60.37,41.35,3_sets|crossed_25|crossed_30|crossed_40|crossed_50|crossed_60|crossed_70|crossed_75|crossed_80|crossed_90|drawdown_recovery|early_cross_50|ending_bucket_90_99|ending_price_0099|extreme_range|favorite|first_set_loser|high_volatility|highly_oscillating_shape|huge_range|large_single_move|many_reversals|multi_crossed_40|multi_crossed_50|multi_crossed_60|multi_crossed_70|multi_crossed_75|multi_crossed_80|no_tiebreaker|opponent_daniel_dutra_da_silva|player_joao_lucas_reis_da_silva|resolved_near_100|second_set_winner|set_1_no_tiebreaker|set_2_no_tiebreaker|set_3_no_tiebreaker|starting_bucket_70_79|starting_price_0073|third_set_winner|three_set_match|uptrend_finish|v_shape_recovery|winner,3.2839,19.34,64,77.09,2,8,3,0.0
2026-03-09T19:49:00+00:00,59.09,37.69,3_sets|crossed_25|crossed_30|crossed_40|crossed_50|crossed_60|crossed_70|crossed_75|crossed_80|crossed_90|drawdown_recovery|early_cross_50|ending_bucket_90_99|ending_price_0099|extreme_range|favorite|first_set_loser|high_volatility|highly_oscillating_shape|huge_range|large_single_move|many_reversals|multi_crossed_40|multi_crossed_50|multi_crossed_60|multi_crossed_70|multi_crossed_75|multi_crossed_80|no_tiebreaker|opponent_daniel_dutra_da_silva|player_joao_lucas_reis_da_silva|resolved_near_100|second_set_winner|set_1_no_tiebreaker|set_2_no_tiebreaker|set_3_no_tiebreaker|starting_bucket_70_79|starting_price_0073|third_set_winner|three_set_match|uptrend_finish|v_shape_recovery|winner,3.2839,19.34,64,77.09,2,8,3,0.0
2026-03-09T19:50:00+00:00,62.01,42.09,3_sets|crossed_25|crossed_30|crossed_40|crossed_50|crossed_60|crossed_70|crossed_75|crossed_80|crossed_90|drawdown_recovery|early_cross_50|ending_bucket_90_99|ending_price_0099|extreme_range|favorite|first_set_loser|high_volatility|highly_oscillating_shape|huge_range|large_single_move|many_reversals|multi_crossed_40|multi_crossed_50|multi_crossed_60|multi_crossed_70|multi_crossed_75|multi_crossed_80|no_tiebreaker|opponent_daniel_dutra_da_silva|player_joao_lucas_reis_da_silva|resolved_near_100|second_set_winner|set_1_no_tiebreaker|set_2_no_tiebreaker|set_3_no_tiebreaker|starting_bucket_70_79|starting_price_0073|third_set_winner|three_set_match|uptrend_finish|v_shape_recovery|winner,3.2839,19.34,64,77.09,2,8,3,0.0
2026-03-09T19:51:00+00:00,64.28,36.55,3_sets|crossed_25|crossed_30|crossed_40|crossed_50|crossed_60|crossed_70|crossed_75|crossed_80|crossed_90|drawdown_recovery|early_cross_50|ending_bucket_90_99|ending_price_0099|extreme_range|favorite|first_set_loser|high_volatility|highly_oscillating_shape|huge_range|large_single_move|many_reversals|multi_crossed_40|multi_crossed_50|multi_crossed_60|multi_crossed_70|multi_crossed_75|multi_crossed_80|no_tiebreaker|opponent_daniel_dutra_da_silva|player_joao_lucas_reis_da_silva|resolved_near_100|second_set_winner|set_1_no_tiebreaker|set_2_no_tiebreaker|set_3_no_tiebreaker|starting_bucket_70_79|starting_price_0073|third_set_winner|three_set_match|uptrend_finish|v_shape_recovery|winner,3.2839,19.34,64,77.09,2,8,3,0.0
2026-03-09T19:52:00+00:00,63.46,31.19,3_sets|crossed_25|crossed_30|crossed_40|crossed_50|crossed_60|crossed_70|crossed_75|crossed_80|crossed_90|drawdown_recovery|early_cross_50|ending_bucket_90_99|ending_price_0099|extreme_range|favorite|first_set_loser|high_volatility|highly_oscillating_shape|huge_range|large_single_move|many_reversals|multi_crossed_40|multi_crossed_50|multi_crossed_60|multi_crossed_70|multi_crossed_75|multi_crossed_80|no_tiebreaker|opponent_daniel_dutra_da_silva|player_joao_lucas_reis_da_silva|resolved_near_100|second_set_winner|set_1_no_tiebreaker|set_2_no_tiebreaker|set_3_no_tiebreaker|starting_bucket_70_79|starting_price_0073|third_set_winner|three_set_match|uptrend_finish|v_shape_recovery|winner,3.2839,19.34,64,77.09,2,8,3,0.0
2026-03-09T19:53:00+00:00,67.36,36.65,3_sets|crossed_25|crossed_30|crossed_40|crossed_50|crossed_60|crossed_70|crossed_75|crossed_80|crossed_90|drawdown_recovery|early_cross_50|ending_bucket_90_99|ending_price_0099|extreme_range|favorite|first_set_loser|high_volatility|highly_oscillating_shape|huge_range|large_single_move|many_reversals|multi_crossed_40|multi_crossed_50|multi_crossed_60|multi_crossed_70|multi_crossed_75|multi_crossed_80|no_tiebreaker|opponent_daniel_dutra_da_silva|player_joao_lucas_reis_da_silva|resolved_near_100|second_set_winner|set_1_no_tiebreaker|set_2_no_tiebreaker|set_3_no_tiebreaker|starting_bucket_70_79|starting_price_0073|third_set_winner|three_set_match|uptrend_finish|v_shape_recovery|winner,3.2839,19.34,64,77.09,2,8,3,0.0
2026-03-09T19:54:00+00:00,53.9,48.76,3_sets|crossed_25|crossed_30|crossed_40|crossed_50|crossed_60|crossed_70|crossed_75|crossed_80|crossed_90|drawdown_recovery|early_cross_50|ending_bucket_90_99|ending_price_0099|extreme_range|favorite|first_set_loser|high_volatility|highly_oscillating_shape|huge_range|large_single_move|many_reversals|multi_crossed_40|multi_crossed_50|multi_crossed_60|multi_crossed_70|multi_crossed_75|multi_crossed_80|no_tiebreaker|opponent_daniel_dutra_da_silva|player_joao_lucas_reis_da_silva|resolved_near_100|second_set_winner|set_1_no_tiebreaker|set_2_no_tiebreaker|set_3_no_tiebreaker|starting_bucket_70_79|starting_price_0073|third_set_winner|three_set_match|uptrend_finish|v_shape_recovery|winner,3.2839,19.34,64,77.09,2,8,3,0.0
2026-03-09T19:55:00+00:00,57.26,45.12,3_sets|crossed_25|crossed_30|crossed_40|crossed_50|crossed_60|crossed_70|crossed_75|crossed_80|crossed_90|drawdown_recovery|early_cross_50|ending_bucket_90_99|ending_price_0099|extreme_range|favorite|first_set_loser|high_volatility|highly_oscillating_shape|huge_range|large_single_move|many_reversals|multi_crossed_40|multi_crossed_50|multi_crossed_60|multi_crossed_70|multi_crossed_75|multi_crossed_80|no_tiebreaker|opponent_daniel_dutra_da_silva|player_joao_lucas_reis_da_silva|resolved_near_100|second_set_winner|set_1_no_tiebreaker|set_2_no_tiebreaker|set_3_no_tiebreaker|starting_bucket_70_79|starting_price_0073|third_set_winner|three_set_match|uptrend_finish|v_shape_recovery|winner,3.2839,19.34,64,77.09,2,8,3,0.0
2026-03-09T19:56:00+00:00,66.84,31.61,3_sets|crossed_25|crossed_30|crossed_40|crossed_50|crossed_60|crossed_70|crossed_75|crossed_80|crossed_90|drawdown_recovery|early_cross_50|ending_bucket_90_99|ending_price_0099|extreme_range|favorite|first_set_loser|high_volatility|highly_oscillating_shape|huge_range|large_single_move|many_reversals|multi_crossed_40|multi_crossed_50|multi_crossed_60|multi_crossed_70|multi_crossed_75|multi_crossed_80|no_tiebreaker|opponent_daniel_dutra_da_silva|player_joao_lucas_reis_da_silva|resolved_near_100|second_set_winner|set_1_no_tiebreaker|set_2_no_tiebreaker|set_3_no_tiebreaker|starting_bucket_70_79|starting_price_0073|third_set_winner|three_set_match|uptrend_finish|v_shape_recovery|winner,3.2839,19.34,64,77.09,2,8,3,0.0
2026-03-09T19:57:00+00:00,69.1,34.37,3_sets|crossed_25|crossed_30|crossed_40|crossed_50|crossed_60|crossed_70|crossed_75|crossed_80|crossed_90|drawdown_recovery|early_cross_50|ending_bucket_90_99|ending_price_0099|extreme_range|favorite|first_set_loser|high_volatility|highly_oscillating_shape|huge_range|large_single_move|many_reversals|multi_crossed_40|multi_crossed_50|multi_crossed_60|multi_crossed_70|multi_crossed_75|multi_crossed_80|no_tiebreaker|opponent_daniel_dutra_da_silva|player_joao_lucas_reis_da_silva|resolved_near_100|second_set_winner|set_1_no_tiebreaker|set_2_no_tiebreaker|set_3_no_tiebreaker|starting_bucket_70_79|starting_price_0073|third_set_winner|three_set_match|uptrend_finish|v_shape_recovery|winner,3.2839,19.34,64,77.09,2,8,3,0.0
2026-03-09T19:58:00+00:00,62.59,41.72,3_sets|crossed_25|crossed_30|crossed_40|crossed_50|crossed_60|crossed_70|crossed_75|crossed_80|crossed_90|drawdown_recovery|early_cross_50|ending_bucket_90_99|ending_price_0099|extreme_range|favorite|first_set_loser|high_volatility|highly_oscillating_shape|huge_range|large_single_move|many_reversals|multi_crossed_40|multi_crossed_50|multi_crossed_60|multi_crossed_70|multi_crossed_75|multi_crossed_80|no_tiebreaker|opponent_daniel_dutra_da_silva|player_joao_lucas_reis_da_silva|resolved_near_100|second_set_winner|set_1_no_tiebreaker|set_2_no_tiebreaker|set_3_no_tiebreaker|starting_bucket_70_79|starting_price_0073|third_set_winner|three_set_match|uptrend_finish|v_shape_recovery|winner,3.2839,19.34,64,77.09,2,8,3,0.0
2026-03-09T19:59:00+00:00,67.12,36.77,3_sets|crossed_25|crossed_30|crossed_40|crossed_50|crossed_60|crossed_70|crossed_75|crossed_80|crossed_90|drawdown_recovery|early_cross_50|ending_bucket_90_99|ending_price_0099|extreme_range|favorite|first_set_loser|high_volatility|highly_oscillating_shape|huge_range|large_single_move|many_reversals|multi_crossed_40|multi_crossed_50|multi_crossed_60|multi_crossed_70|multi_crossed_75|multi_crossed_80|no_tiebreaker|opponent_daniel_dutra_da_silva|player_joao_lucas_reis_da_silva|resolved_near_100|second_set_winner|set_1_no_tiebreaker|set_2_no_tiebreaker|set_3_no_tiebreaker|starting_bucket_70_79|starting_price_0073|third_set_winner|three_set_match|uptrend_finish|v_shape_recovery|winner,3.2839,19.34,64,77.09,2,8,3,0.0
2026-03-09T20:00:00+00:00,69.73,34.96,3_sets|crossed_25|crossed_30|crossed_40|crossed_50|crossed_60|crossed_70|crossed_75|crossed_80|crossed_90|drawdown_recovery|early_cross_50|ending_bucket_90_99|ending_price_0099|extreme_range|favorite|first_set_loser|high_volatility|highly_oscillating_shape|huge_range|large_single_move|many_reversals|multi_crossed_40|multi_crossed_50|multi_crossed_60|multi_crossed_70|multi_crossed_75|multi_crossed_80|no_tiebreaker|opponent_daniel_dutra_da_silva|player_joao_lucas_reis_da_silva|resolved_near_100|second_set_winner|set_1_no_tiebreaker|set_2_no_tiebreaker|set_3_no_tiebreaker|starting_bucket_70_79|starting_price_0073|third_set_winner|three_set_match|uptrend_finish|v_shape_recovery|winner,3.2839,19.34,64,77.09,2,8,3,0.0
2026-03-09T20:01:00+00:00,84.81,12.24,3_sets|crossed_25|crossed_30|crossed_40|crossed_50|crossed_60|crossed_70|crossed_75|crossed_80|crossed_90|drawdown_recovery|early_cross_50|ending_bucket_90_99|ending_price_0099|extreme_range|favorite|first_set_loser|high_volatility|highly_oscillating_shape|huge_range|large_single_move|many_reversals|multi_crossed_40|multi_crossed_50|multi_crossed_60|multi_crossed_70|multi_crossed_75|multi_crossed_80|no_tiebreaker|opponent_daniel_dutra_da_silva|player_joao_lucas_reis_da_silva|resolved_near_100|second_set_winner|set_1_no_tiebreaker|set_2_no_tiebreaker|set_3_no_tiebreaker|starting_bucket_70_79|starting_price_0073|third_set_winner|three_set_match|uptrend_finish|v_shape_recovery|winner,3.2839,19.34,64,77.09,2,8,3,0.0
2026-03-09T20:02:00+00:00,81.87,20.18,3_sets|crossed_25|crossed_30|crossed_40|crossed_50|crossed_60|crossed_70|crossed_75|crossed_80|crossed_90|drawdown_recovery|early_cross_50|ending_bucket_90_99|ending_price_0099|extreme_range|favorite|first_set_loser|high_volatility|highly_oscillating_shape|huge_range|large_single_move|many_reversals|multi_crossed_40|multi_crossed_50|multi_crossed_60|multi_crossed_70|multi_crossed_75|multi_crossed_80|no_tiebreaker|opponent_daniel_dutra_da_silva|player_joao_lucas_reis_da_silva|resolved_near_100|second_set_winner|set_1_no_tiebreaker|set_2_no_tiebreaker|set_3_no_tiebreaker|starting_bucket_70_79|starting_price_0073|third_set_winner|three_set_match|uptrend_finish|v_shape_recovery|winner,3.2839,19.34,64,77.09,2,8,3,0.0
2026-03-09T20:03:00+00:00,98.52,1.61,3_sets|crossed_25|crossed_30|crossed_40|crossed_50|crossed_60|crossed_70|crossed_75|crossed_80|crossed_90|drawdown_recovery|early_cross_50|ending_bucket_90_99|ending_price_0099|extreme_range|favorite|first_set_loser|high_volatility|highly_oscillating_shape|huge_range|large_single_move|many_reversals|multi_crossed_40|multi_crossed_50|multi_crossed_60|multi_crossed_70|multi_crossed_75|multi_crossed_80|no_tiebreaker|opponent_daniel_dutra_da_silva|player_joao_lucas_reis_da_silva|resolved_near_100|second_set_winner|set_1_no_tiebreaker|set_2_no_tiebreaker|set_3_no_tiebreaker|starting_bucket_70_79|starting_price_0073|third_set_winner|three_set_match|uptrend_finish|v_shape_recovery|winner,3.2839,19.34,64,77.09,2,8,3,0.0
2026-03-09T20:04:00+00:00,99.0,1.61,3_sets|crossed_25|crossed_30|crossed_40|crossed_50|crossed_60|crossed_70|crossed_75|crossed_80|crossed_90|drawdown_recovery|early_cross_50|ending_bucket_90_99|ending_price_0099|extreme_range|favorite|first_set_loser|high_volatility|highly_oscillating_shape|huge_range|large_single_move|many_reversals|multi_crossed_40|multi_crossed_50|multi_crossed_60|multi_crossed_70|multi_crossed_75|multi_crossed_80|no_tiebreaker|opponent_daniel_dutra_da_silva|player_joao_lucas_reis_da_silva|resolved_near_100|second_set_winner|set_1_no_tiebreaker|set_2_no_tiebreaker|set_3_no_tiebreaker|starting_bucket_70_79|starting_price_0073|third_set_winner|three_set_match|uptrend_finish|v_shape_recovery|winner,3.2839,19.34,64,77.09,2,8,3,0.0
2026-03-09T20:05:00+00:00,99.0,1.61,3_sets|crossed_25|crossed_30|crossed_40|crossed_50|crossed_60|crossed_70|crossed_75|crossed_80|crossed_90|drawdown_recovery|early_cross_50|ending_bucket_90_99|ending_price_0099|extreme_range|favorite|first_set_loser|high_volatility|highly_oscillating_shape|huge_range|large_single_move|many_reversals|multi_crossed_40|multi_crossed_50|multi_crossed_60|multi_crossed_70|multi_crossed_75|multi_crossed_80|no_tiebreaker|opponent_daniel_dutra_da_silva|player_joao_lucas_reis_da_silva|resolved_near_100|second_set_winner|set_1_no_tiebreaker|set_2_no_tiebreaker|set_3_no_tiebreaker|starting_bucket_70_79|starting_price_0073|third_set_winner|three_set_match|uptrend_finish|v_shape_recovery|winner,3.2839,19.34,64,77.09,2,8,3,0.0
2026-03-09T20:06:00+00:00,99.0,1.61,3_sets|crossed_25|crossed_30|crossed_40|crossed_50|crossed_60|crossed_70|crossed_75|crossed_80|crossed_90|drawdown_recovery|early_cross_50|ending_bucket_90_99|ending_price_0099|extreme_range|favorite|first_set_loser|high_volatility|highly_oscillating_shape|huge_range|large_single_move|many_reversals|multi_crossed_40|multi_crossed_50|multi_crossed_60|multi_crossed_70|multi_crossed_75|multi_crossed_80|no_tiebreaker|opponent_daniel_dutra_da_silva|player_joao_lucas_reis_da_silva|resolved_near_100|second_set_winner|set_1_no_tiebreaker|set_2_no_tiebreaker|set_3_no_tiebreaker|starting_bucket_70_79|starting_price_0073|third_set_winner|three_set_match|uptrend_finish|v_shape_recovery|winner,3.2839,19.34,64,77.09,2,8,3,0.0
2026-03-09T20:07:00+00:00,99.0,1.61,3_sets|crossed_25|crossed_30|crossed_40|crossed_50|crossed_60|crossed_70|crossed_75|crossed_80|crossed_90|drawdown_recovery|early_cross_50|ending_bucket_90_99|ending_price_0099|extreme_range|favorite|first_set_loser|high_volatility|highly_oscillating_shape|huge_range|large_single_move|many_reversals|multi_crossed_40|multi_crossed_50|multi_crossed_60|multi_crossed_70|multi_crossed_75|multi_crossed_80|no_tiebreaker|opponent_daniel_dutra_da_silva|player_joao_lucas_reis_da_silva|resolved_near_100|second_set_winner|set_1_no_tiebreaker|set_2_no_tiebreaker|set_3_no_tiebreaker|starting_bucket_70_79|starting_price_0073|third_set_winner|three_set_match|uptrend_finish|v_shape_recovery|winner,3.2839,19.34,64,77.09,2,8,3,0.0
2026-03-09T20:08:00+00:00,99.0,1.61,3_sets|crossed_25|crossed_30|crossed_40|crossed_50|crossed_60|crossed_70|crossed_75|crossed_80|crossed_90|drawdown_recovery|early_cross_50|ending_bucket_90_99|ending_price_0099|extreme_range|favorite|first_set_loser|high_volatility|highly_oscillating_shape|huge_range|large_single_move|many_reversals|multi_crossed_40|multi_crossed_50|multi_crossed_60|multi_crossed_70|multi_crossed_75|multi_crossed_80|no_tiebreaker|opponent_daniel_dutra_da_silva|player_joao_lucas_reis_da_silva|resolved_near_100|second_set_winner|set_1_no_tiebreaker|set_2_no_tiebreaker|set_3_no_tiebreaker|starting_bucket_70_79|starting_price_0073|third_set_winner|three_set_match|uptrend_finish|v_shape_recovery|winner,3.2839,19.34,64,77.09,2,8,3,0.0
2026-03-09T20:09:00+00:00,99.0,1.0,3_sets|crossed_25|crossed_30|crossed_40|crossed_50|crossed_60|crossed_70|crossed_75|crossed_80|crossed_90|drawdown_recovery|early_cross_50|ending_bucket_90_99|ending_price_0099|extreme_range|favorite|first_set_loser|high_volatility|highly_oscillating_shape|huge_range|large_single_move|many_reversals|multi_crossed_40|multi_crossed_50|multi_crossed_60|multi_crossed_70|multi_crossed_75|multi_crossed_80|no_tiebreaker|opponent_daniel_dutra_da_silva|player_joao_lucas_reis_da_silva|resolved_near_100|second_set_winner|set_1_no_tiebreaker|set_2_no_tiebreaker|set_3_no_tiebreaker|starting_bucket_70_79|starting_price_0073|third_set_winner|three_set_match|uptrend_finish|v_shape_recovery|winner,3.2839,19.34,64,77.09,2,8,3,0.0
